content_signature,canonical_name,selected_file_id,duplicate_count,all_file_ids,original_names,original_urls,file_types
"viimeiset vinkit lumikot|preentation,video","viimeiset vinkit, lumikot.mp4",1qzlJHGz0Sv3eLLSL4OIAI87-wuvs1zgL,2,1qzlJHGz0Sv3eLLSL4OIAI87-wuvs1zgL | 1qzlJHGz0Sv3eLLSL4OIAI87-wuvs1zgL,"viimeiset vinkit, lumikot.mp4 | viimeiset vinkit, lumikot.mp4Video",https://drive.google.com/file/d/1qzlJHGz0Sv3eLLSL4OIAI87-wuvs1zgL/view?usp=drivesdk | https://drive.google.com/file/d/1qzlJHGz0Sv3eLLSL4OIAI87-wuvs1zgL/view?usp=drivesdk,video | preentation
"luonto lumikot|preentation,video","luonto, lumikot.mp4",1Od2cPL8D4gIPyG7fZfFQP0R-JtAt0rVg,2,1Od2cPL8D4gIPyG7fZfFQP0R-JtAt0rVg | 1Od2cPL8D4gIPyG7fZfFQP0R-JtAt0rVg,"luonto, lumikot.mp4 | luonto, lumikot.mp4Video",https://drive.google.com/file/d/1Od2cPL8D4gIPyG7fZfFQP0R-JtAt0rVg/view?usp=drivesdk | https://drive.google.com/file/d/1Od2cPL8D4gIPyG7fZfFQP0R-JtAt0rVg/view?usp=drivesdk,video | preentation
"dvv lumikot|preentation,video","DVV, lumikot.mp4",1vBikENJ-25-p-Lm7Ch7c8hj5jYyW8ZK0,2,1vBikENJ-25-p-Lm7Ch7c8hj5jYyW8ZK0 | 1vBikENJ-25-p-Lm7Ch7c8hj5jYyW8ZK0,"DVV, lumikot.mp4 | DVV, lumikot.mp4Video",https://drive.google.com/file/d/1vBikENJ-25-p-Lm7Ch7c8hj5jYyW8ZK0/view?usp=drivesdk | https://drive.google.com/file/d/1vBikENJ-25-p-Lm7Ch7c8hj5jYyW8ZK0/view?usp=drivesdk,video | preentation
"dvv_sanasto|pdf,preentation",dvv_sanasto.pdf,1rLD-76oVuzKg5wenBBwogdI7lyV2Z8Bg,2,1rLD-76oVuzKg5wenBBwogdI7lyV2Z8Bg | 1rLD-76oVuzKg5wenBBwogdI7lyV2Z8Bg,dvv_sanasto.pdf | dvv_sanasto.pdfPDF,https://drive.google.com/file/d/1rLD-76oVuzKg5wenBBwogdI7lyV2Z8Bg/view?usp=drivesdk | https://drive.google.com/file/d/1rLD-76oVuzKg5wenBBwogdI7lyV2Z8Bg/view?usp=drivesdk,pdf | preentation
luonto_sanasto|preentation,luonto_sanasto.PNGImage,1sJNdp69NnQmL4dOIG9oB9tgxaBqTB0g0,2,1sJNdp69NnQmL4dOIG9oB9tgxaBqTB0g0 | 1sJNdp69NnQmL4dOIG9oB9tgxaBqTB0g0,luonto_sanasto.PNG | luonto_sanasto.PNGImage,https://drive.google.com/file/d/1sJNdp69NnQmL4dOIG9oB9tgxaBqTB0g0/view?usp=drivesdk | https://drive.google.com/file/d/1sJNdp69NnQmL4dOIG9oB9tgxaBqTB0g0/view?usp=drivesdk,preentation
"a2 05 shoppailu - google docs|google doc?,pdf,preentation",A2 05 Shoppailu - Google Docs.pdf,1rrRxocZ_NPDnekYPjgiktDs_55D_WER9,4,1rrRxocZ_NPDnekYPjgiktDs_55D_WER9 | 1rrRxocZ_NPDnekYPjgiktDs_55D_WER9 | 1fyqQrV6m0hLoG9HTBgp7RzovxPf9851N | 1fyqQrV6m0hLoG9HTBgp7RzovxPf9851N,A2 05 Shoppailu - Google Docs.pdf | A2 05 Shoppailu - Google Docs.pdfPDF | A2 05 Shoppailu - Google Docs.pdf | A2 05 Shoppailu - Google Docs.pdfPDF,https://drive.google.com/file/d/1rrRxocZ_NPDnekYPjgiktDs_55D_WER9/view?usp=drivesdk | https://drive.google.com/file/d/1rrRxocZ_NPDnekYPjgiktDs_55D_WER9/view?usp=drivesdk | https://drive.google.com/file/d/1fyqQrV6m0hLoG9HTBgp7RzovxPf9851N/view?usp=drivesdk | https://drive.google.com/file/d/1fyqQrV6m0hLoG9HTBgp7RzovxPf9851N/view?usp=drivesdk,pdf | google doc? | preentation
drive fileunknown|preentation,Drive fileUnknown,1dgHPAjhj-OyI4jRaDbZvpXHq9iLJ34Qq8l9HGjyE0G0,43,1dgHPAjhj-OyI4jRaDbZvpXHq9iLJ34Qq8l9HGjyE0G0 | 1dgHPAjhj-OyI4jRaDbZvpXHq9iLJ34Qq8l9HGjyE0G0 | 1dgHPAjhj-OyI4jRaDbZvpXHq9iLJ34Qq8l9HGjyE0G0 | 19umuz2_GAk_AtGb8IdZ65Bk-iASrIqde0feE5u4MOAs | 1a4OyghZOOEozo8hRuaxXTWi5yvktYmBvz_-UK4JrSng | 1a4OyghZOOEozo8hRuaxXTWi5yvktYmBvz_-UK4JrSng | 1A92iiwqKqcOb6Ye1L753wTAnCVYGj_40UeYJj2oT96s | 1nMBWtSNlz-922hyOILVLa-k8ea2IUDj6Gu9z4p5T7jM | 1-GPmq5_3DsjSEw5KEjRcmXm4Zy7WK2f6Sm_TYB6I594 | 1a4OyghZOOEozo8hRuaxXTWi5yvktYmBvz_-UK4JrSng | 1a4OyghZOOEozo8hRuaxXTWi5yvktYmBvz_-UK4JrSng | 1RT6u251ArE1RD9ndIAYBMjRbo8eQ6TasTeA4s9e4zpo | 1DkG-Xw6p2dHQaQkyetbOYfnhrYZ1Sg4cMy8Bbkv3N7c | 1VG01NjvuzuKefo5q2yYStFyyuSN7PfRHeo8_6wQVzRc | 1RT6u251ArE1RD9ndIAYBMjRbo8eQ6TasTeA4s9e4zpo | 1OBR4aMkUumBQxTEu3v3WKMwVawzC98mr6QaLB4_kWC8 | 1uN5iCrNxNE9RFg39yaiWE0RocmKzZq30M4E0cw9L65M | 1RT6u251ArE1RD9ndIAYBMjRbo8eQ6TasTeA4s9e4zpo | 1t512Y_ZBbcGZBz4pkVKSNugDq-QNrGUaEpd2OS6OJKM | 1busK39k4A092VEma-xMGUwoq2ZpZL5pDJkZlGm5QyWw | 1RT6u251ArE1RD9ndIAYBMjRbo8eQ6TasTeA4s9e4zpo | 1WsDVOyfq2ISnZ3i6gsj6zhlhmL9msBekGgYwRrN0EjI | 1Dhazjbvid73yC15hSNKIu-oWp1ANmISrOfQKqI1G2-8 | 1Yq_Yy9TZowqsDyHae22101SdgWX_LOhRMar83f_vmEk | 1i9p5vzDZY5WqvqMrOI70hq40UuK8_2ULJSJjTP8PiGI | 1aMCKC1R31tNQCVWboMD1AdIGiW3GAdh4zzdpcTVarbE | 1N7h4HKSl1SETw6BzSMuvEp7gyKfGfjUK7OrXHGcUH6k | 14KB-DOBW_eQ8MCH1El32fqHmY13YvyoB_wxzoGnjO5c | 1ato_MOijP2wltM2WQCATVn9ll8KK0u22L1xJgoanavo | 1PgLfsRTyUO7vEH1RhntHQijbNWlU6sZ1 | 1ato_MOijP2wltM2WQCATVn9ll8KK0u22L1xJgoanavo | 1IxQCkkcT_HrOJk9fMbNT9nRZXlm_cDGNFSSENWt0SOE | 1Df7fZP2yORsIH7jUYuhzN2ERkDtJABlE | 1MIJmPjsNjDUvy4rK-aFs_VsEDxiZh13x | 104ppAVOrH59OTmh0_zTgTnY3redDQcrVBMzbLaWrvGI | 1f-HEsuWM599C0UHy_VOckysgqys0fOnDe3y8D6PqyGQ | 1RRQqVy-qBPeY3wGVSu03PWMbQAZXCIsS | 1MVqvscnXtCYIefjiMAsHNkmz7ZlNEH86 | 1u6RZ-I1fTGZiOhBE4r-killsSDFp17YU | 15NvaFv6WMqjF8o20UQ5QcUPGXhe235dw | 1GlYPvFimEtC1-vQkkiU3QLnYyuZBs4r5aTZSD85l7hQ | 1AAi3RHGCBb7FTv-AJhnB6ZFyb9MDKxOSbywwhCeI66s | 1rpEwwuwZgKId9XsK2HMauxVV7_mCh6tsPTKIcQSf6iI,Drive fileUnknown | Drive fileUnknown | Drive fileUnknown | Drive fileUnknown | Drive fileUnknown | Drive fileUnknown | Drive fileUnknown | Drive fileUnknown | Drive fileUnknown | Drive fileUnknown | Drive fileUnknown | Drive fileUnknown | Drive fileUnknown | Drive fileUnknown | Drive fileUnknown | Drive fileUnknown | Drive fileUnknown | Drive fileUnknown | Drive fileUnknown | Drive fileUnknown | Drive fileUnknown | Drive fileUnknown | Drive fileUnknown | Drive fileUnknown | Drive fileUnknown | Drive fileUnknown | Drive fileUnknown | Drive fileUnknown | Drive fileUnknown | Drive fileUnknown | Drive fileUnknown | Drive fileUnknown | Drive fileUnknown | Drive fileUnknown | Drive fileUnknown | Drive fileUnknown | Drive fileUnknown | Drive fileUnknown | Drive fileUnknown | Drive fileUnknown | Drive fileUnknown | Drive fileUnknown | Drive fileUnknown,https://drive.google.com/open?id=1dgHPAjhj-OyI4jRaDbZvpXHq9iLJ34Qq8l9HGjyE0G0&usp=classroom_web&authuser=0 | https://drive.google.com/open?id=1dgHPAjhj-OyI4jRaDbZvpXHq9iLJ34Qq8l9HGjyE0G0&usp=classroom_web&authuser=0 | https://drive.google.com/open?id=1dgHPAjhj-OyI4jRaDbZvpXHq9iLJ34Qq8l9HGjyE0G0&usp=classroom_web&authuser=0 | https://drive.google.com/open?id=19umuz2_GAk_AtGb8IdZ65Bk-iASrIqde0feE5u4MOAs&usp=classroom_web&authuser=0 | https://drive.google.com/open?id=1a4OyghZOOEozo8hRuaxXTWi5yvktYmBvz_-UK4JrSng&usp=classroom_web&authuser=0 | https://drive.google.com/open?id=1a4OyghZOOEozo8hRuaxXTWi5yvktYmBvz_-UK4JrSng&usp=classroom_web&authuser=0 | https://drive.google.com/open?id=1A92iiwqKqcOb6Ye1L753wTAnCVYGj_40UeYJj2oT96s&usp=classroom_web&authuser=0 | https://drive.google.com/open?id=1nMBWtSNlz-922hyOILVLa-k8ea2IUDj6Gu9z4p5T7jM&usp=classroom_web&authuser=0 | https://drive.google.com/open?id=1-GPmq5_3DsjSEw5KEjRcmXm4Zy7WK2f6Sm_TYB6I594&usp=classroom_web&authuser=0 | https://drive.google.com/open?id=1a4OyghZOOEozo8hRuaxXTWi5yvktYmBvz_-UK4JrSng&usp=classroom_web&authuser=0 | https://drive.google.com/open?id=1a4OyghZOOEozo8hRuaxXTWi5yvktYmBvz_-UK4JrSng&usp=classroom_web&authuser=0 | https://drive.google.com/open?id=1RT6u251ArE1RD9ndIAYBMjRbo8eQ6TasTeA4s9e4zpo&usp=classroom_web&authuser=0 | https://drive.google.com/open?id=1DkG-Xw6p2dHQaQkyetbOYfnhrYZ1Sg4cMy8Bbkv3N7c&usp=classroom_web&authuser=0 | https://drive.google.com/open?id=1VG01NjvuzuKefo5q2yYStFyyuSN7PfRHeo8_6wQVzRc&usp=classroom_web&authuser=0 | https://drive.google.com/open?id=1RT6u251ArE1RD9ndIAYBMjRbo8eQ6TasTeA4s9e4zpo&usp=classroom_web&authuser=0 | https://drive.google.com/open?id=1OBR4aMkUumBQxTEu3v3WKMwVawzC98mr6QaLB4_kWC8&usp=classroom_web&authuser=0 | https://drive.google.com/open?id=1uN5iCrNxNE9RFg39yaiWE0RocmKzZq30M4E0cw9L65M&usp=classroom_web&authuser=0 | https://drive.google.com/open?id=1RT6u251ArE1RD9ndIAYBMjRbo8eQ6TasTeA4s9e4zpo&usp=classroom_web&authuser=0 | https://drive.google.com/open?id=1t512Y_ZBbcGZBz4pkVKSNugDq-QNrGUaEpd2OS6OJKM&usp=classroom_web&authuser=0 | https://drive.google.com/open?id=1busK39k4A092VEma-xMGUwoq2ZpZL5pDJkZlGm5QyWw&usp=classroom_web&authuser=0 | https://drive.google.com/open?id=1RT6u251ArE1RD9ndIAYBMjRbo8eQ6TasTeA4s9e4zpo&usp=classroom_web&authuser=0 | https://drive.google.com/open?id=1WsDVOyfq2ISnZ3i6gsj6zhlhmL9msBekGgYwRrN0EjI&usp=classroom_web&authuser=0 | https://drive.google.com/open?id=1Dhazjbvid73yC15hSNKIu-oWp1ANmISrOfQKqI1G2-8&usp=classroom_web&authuser=0 | https://drive.google.com/open?id=1Yq_Yy9TZowqsDyHae22101SdgWX_LOhRMar83f_vmEk&usp=classroom_web&authuser=0 | https://drive.google.com/open?id=1i9p5vzDZY5WqvqMrOI70hq40UuK8_2ULJSJjTP8PiGI&usp=classroom_web&authuser=0 | https://drive.google.com/open?id=1aMCKC1R31tNQCVWboMD1AdIGiW3GAdh4zzdpcTVarbE&usp=classroom_web&authuser=0 | https://drive.google.com/open?id=1N7h4HKSl1SETw6BzSMuvEp7gyKfGfjUK7OrXHGcUH6k&usp=classroom_web&authuser=0 | https://drive.google.com/open?id=14KB-DOBW_eQ8MCH1El32fqHmY13YvyoB_wxzoGnjO5c&usp=classroom_web&authuser=0 | https://drive.google.com/open?id=1ato_MOijP2wltM2WQCATVn9ll8KK0u22L1xJgoanavo&usp=classroom_web&authuser=0 | https://drive.google.com/open?id=1PgLfsRTyUO7vEH1RhntHQijbNWlU6sZ1&usp=classroom_web&authuser=0 | https://drive.google.com/open?id=1ato_MOijP2wltM2WQCATVn9ll8KK0u22L1xJgoanavo&usp=classroom_web&authuser=0 | https://drive.google.com/open?id=1IxQCkkcT_HrOJk9fMbNT9nRZXlm_cDGNFSSENWt0SOE&usp=classroom_web&authuser=0 | https://drive.google.com/open?id=1Df7fZP2yORsIH7jUYuhzN2ERkDtJABlE&usp=classroom_web&authuser=0 | https://drive.google.com/open?id=1MIJmPjsNjDUvy4rK-aFs_VsEDxiZh13x&usp=classroom_web&authuser=0 | https://drive.google.com/open?id=104ppAVOrH59OTmh0_zTgTnY3redDQcrVBMzbLaWrvGI&usp=classroom_web&authuser=0 | https://drive.google.com/open?id=1f-HEsuWM599C0UHy_VOckysgqys0fOnDe3y8D6PqyGQ&usp=classroom_web&authuser=0 | https://drive.google.com/open?id=1RRQqVy-qBPeY3wGVSu03PWMbQAZXCIsS&usp=classroom_web&authuser=0 | https://drive.google.com/open?id=1MVqvscnXtCYIefjiMAsHNkmz7ZlNEH86&usp=classroom_web&authuser=0 | https://drive.google.com/open?id=1u6RZ-I1fTGZiOhBE4r-killsSDFp17YU&usp=classroom_web&authuser=0 | https://drive.google.com/open?id=15NvaFv6WMqjF8o20UQ5QcUPGXhe235dw&usp=classroom_web&authuser=0 | https://drive.google.com/open?id=1GlYPvFimEtC1-vQkkiU3QLnYyuZBs4r5aTZSD85l7hQ&usp=classroom_web&authuser=0 | https://drive.google.com/open?id=1AAi3RHGCBb7FTv-AJhnB6ZFyb9MDKxOSbywwhCeI66s&usp=classroom_web&authuser=0 | https://drive.google.com/open?id=1rpEwwuwZgKId9XsK2HMauxVV7_mCh6tsPTKIcQSf6iI&usp=classroom_web&authuser=0,preentation
"puhetestin esimerkki|pdf,preentation",puhetestin esimerkki.pdf,1agDdnu-s5aCNsmmNLVvNIMYgkq2bj5pE,2,1agDdnu-s5aCNsmmNLVvNIMYgkq2bj5pE | 1agDdnu-s5aCNsmmNLVvNIMYgkq2bj5pE,puhetestin esimerkki.pdf | puhetestin esimerkki.pdfPDF,https://drive.google.com/file/d/1agDdnu-s5aCNsmmNLVvNIMYgkq2bj5pE/view?usp=drivesdk | https://drive.google.com/file/d/1agDdnu-s5aCNsmmNLVvNIMYgkq2bj5pE/view?usp=drivesdk,pdf | preentation
puhetestin harjoitus|preentation,puhetestin harjoitus.pngImage,1rPjB2KRkBn3i_sonKTYlopMCj_gckUpD,2,1rPjB2KRkBn3i_sonKTYlopMCj_gckUpD | 1rPjB2KRkBn3i_sonKTYlopMCj_gckUpD,puhetestin harjoitus.png | puhetestin harjoitus.pngImage,https://drive.google.com/file/d/1rPjB2KRkBn3i_sonKTYlopMCj_gckUpD/view?usp=drivesdk | https://drive.google.com/file/d/1rPjB2KRkBn3i_sonKTYlopMCj_gckUpD/view?usp=drivesdk,preentation
"puhetestin harjoitus lumikot|preentation,video","puhetestin harjoitus, lumikot.mp4",16L-0hy1KBSDPeSxJGlGrERkic3LuSyvg,4,16L-0hy1KBSDPeSxJGlGrERkic3LuSyvg | 16L-0hy1KBSDPeSxJGlGrERkic3LuSyvg | 1Zrr6Sgtf3XEtsISaBo8HNRhOz4ZeHplC | 1Zrr6Sgtf3XEtsISaBo8HNRhOz4ZeHplC,"puhetestin harjoitus, lumikot.mp4 | puhetestin harjoitus, lumikot.mp4Video | puhetestin harjoitus, lumikot.mp4 | puhetestin harjoitus, lumikot.mp4Video",https://drive.google.com/file/d/16L-0hy1KBSDPeSxJGlGrERkic3LuSyvg/view?usp=drivesdk | https://drive.google.com/file/d/16L-0hy1KBSDPeSxJGlGrERkic3LuSyvg/view?usp=drivesdk | https://drive.google.com/file/d/1Zrr6Sgtf3XEtsISaBo8HNRhOz4ZeHplC/view?usp=drivesdk | https://drive.google.com/file/d/1Zrr6Sgtf3XEtsISaBo8HNRhOz4ZeHplC/view?usp=drivesdk,video | preentation
"lumikot työvuorossa 3|preentation,video",Lumikot työvuorossa 3.mp4,1976oo6Zs1BC4fVIu66SQKqcF3jGQx3Q5,2,1976oo6Zs1BC4fVIu66SQKqcF3jGQx3Q5 | 1976oo6Zs1BC4fVIu66SQKqcF3jGQx3Q5,Lumikot työvuorossa 3.mp4 | Lumikot työvuorossa 3.mp4Video,https://drive.google.com/file/d/1976oo6Zs1BC4fVIu66SQKqcF3jGQx3Q5/view?usp=drivesdk | https://drive.google.com/file/d/1976oo6Zs1BC4fVIu66SQKqcF3jGQx3Q5/view?usp=drivesdk,video | preentation
"työvuorossa 2 lumikot|preentation,video","työvuorossa 2, lumikot.mp4",17Rhy8JY_85IImIRs4kTUS4ZHG-8X2eib,2,17Rhy8JY_85IImIRs4kTUS4ZHG-8X2eib | 17Rhy8JY_85IImIRs4kTUS4ZHG-8X2eib,"työvuorossa 2, lumikot.mp4 | työvuorossa 2, lumikot.mp4Video",https://drive.google.com/file/d/17Rhy8JY_85IImIRs4kTUS4ZHG-8X2eib/view?usp=drivesdk | https://drive.google.com/file/d/17Rhy8JY_85IImIRs4kTUS4ZHG-8X2eib/view?usp=drivesdk,video | preentation
"työvuorossa 1 lumikot|preentation,video","työvuorossa 1, lumikot.mp4",1GFMBWh4q67A5gA5BUU_j4tbXDtOZCG2t,2,1GFMBWh4q67A5gA5BUU_j4tbXDtOZCG2t | 1GFMBWh4q67A5gA5BUU_j4tbXDtOZCG2t,"työvuorossa 1, lumikot.mp4 | työvuorossa 1, lumikot.mp4Video",https://drive.google.com/file/d/1GFMBWh4q67A5gA5BUU_j4tbXDtOZCG2t/view?usp=drivesdk | https://drive.google.com/file/d/1GFMBWh4q67A5gA5BUU_j4tbXDtOZCG2t/view?usp=drivesdk,video | preentation
työvuorossa|preentation,työvuorossa.pngImage,1odjJEt5lCUIHnf8MKGYY7iV65ITdBRNk,2,1odjJEt5lCUIHnf8MKGYY7iV65ITdBRNk | 1odjJEt5lCUIHnf8MKGYY7iV65ITdBRNk,työvuorossa.png | työvuorossa.pngImage,https://drive.google.com/file/d/1odjJEt5lCUIHnf8MKGYY7iV65ITdBRNk/view?usp=drivesdk | https://drive.google.com/file/d/1odjJEt5lCUIHnf8MKGYY7iV65ITdBRNk/view?usp=drivesdk,preentation
"puhetestin ja treenin esimerkki|pdf,preentation",Puhetestin ja treenin esimerkki.pdf,1RmHvV7YLK_dBxxDrPL9_T2tHO_DzzzXa,2,1RmHvV7YLK_dBxxDrPL9_T2tHO_DzzzXa | 1RmHvV7YLK_dBxxDrPL9_T2tHO_DzzzXa,Puhetestin ja treenin esimerkki.pdf | Puhetestin ja treenin esimerkki.pdfPDF,https://drive.google.com/file/d/1RmHvV7YLK_dBxxDrPL9_T2tHO_DzzzXa/view?usp=drivesdk | https://drive.google.com/file/d/1RmHvV7YLK_dBxxDrPL9_T2tHO_DzzzXa/view?usp=drivesdk,pdf | preentation
"a2 04 asuminen|pdf,preentation",A2 04 Asuminen.pdf,1kTwIkOkL2dnlXsAwJEtL9c1BQ0Of68vj,4,1kTwIkOkL2dnlXsAwJEtL9c1BQ0Of68vj | 1kTwIkOkL2dnlXsAwJEtL9c1BQ0Of68vj | 1-JWIQqebnNvSFOgTX--sZh_bH1iM9edi | 1-JWIQqebnNvSFOgTX--sZh_bH1iM9edi,A2 04 Asuminen.pdf | A2 04 Asuminen.pdfPDF | A2 04 Asuminen.pdf | A2 04 Asuminen.pdfPDF,https://drive.google.com/file/d/1kTwIkOkL2dnlXsAwJEtL9c1BQ0Of68vj/view?usp=drivesdk | https://drive.google.com/file/d/1kTwIkOkL2dnlXsAwJEtL9c1BQ0Of68vj/view?usp=drivesdk | https://drive.google.com/file/d/1-JWIQqebnNvSFOgTX--sZh_bH1iM9edi/view?usp=drivesdk | https://drive.google.com/file/d/1-JWIQqebnNvSFOgTX--sZh_bH1iM9edi/view?usp=drivesdk,pdf | preentation
työvuoron kysymykset|preentation,Työvuoron kysymykset.pngImage,12i-0FUNCHzFwKidqOInsytdA_-h0gaxY,2,12i-0FUNCHzFwKidqOInsytdA_-h0gaxY | 12i-0FUNCHzFwKidqOInsytdA_-h0gaxY,Työvuoron kysymykset.png | Työvuoron kysymykset.pngImage,https://drive.google.com/file/d/12i-0FUNCHzFwKidqOInsytdA_-h0gaxY/view?usp=drivesdk | https://drive.google.com/file/d/12i-0FUNCHzFwKidqOInsytdA_-h0gaxY/view?usp=drivesdk,preentation
"lumikot kelassa|preentation,video",Lumikot Kelassa.mp4,18z1ctHdeVCPT2-3S7DapwdbpmNypxxW7,2,18z1ctHdeVCPT2-3S7DapwdbpmNypxxW7 | 18z1ctHdeVCPT2-3S7DapwdbpmNypxxW7,Lumikot Kelassa.mp4 | Lumikot Kelassa.mp4Video,https://drive.google.com/file/d/18z1ctHdeVCPT2-3S7DapwdbpmNypxxW7/view?usp=drivesdk | https://drive.google.com/file/d/18z1ctHdeVCPT2-3S7DapwdbpmNypxxW7/view?usp=drivesdk,video | preentation
"54 malla matta ope|pdf,preentation",5.4. malla matta OPE.pdf,1dPs6813izrpiNwGBqWuJEddMfZozUkNT,2,1dPs6813izrpiNwGBqWuJEddMfZozUkNT | 1dPs6813izrpiNwGBqWuJEddMfZozUkNT,5.4. malla matta OPE.pdf | 5.4. malla matta OPE.pdfPDF,https://drive.google.com/file/d/1dPs6813izrpiNwGBqWuJEddMfZozUkNT/view?usp=drivesdk | https://drive.google.com/file/d/1dPs6813izrpiNwGBqWuJEddMfZozUkNT/view?usp=drivesdk,pdf | preentation
"kumpi on oikein malla matta|pdf,preentation",kumpi on oikein malla matta.pdf,18CRnffgcvrCq34G_8v1YC4uvb-7hHMMt,2,18CRnffgcvrCq34G_8v1YC4uvb-7hHMMt | 18CRnffgcvrCq34G_8v1YC4uvb-7hHMMt,kumpi on oikein malla matta.pdf | kumpi on oikein malla matta.pdfPDF,https://drive.google.com/file/d/18CRnffgcvrCq34G_8v1YC4uvb-7hHMMt/view?usp=drivesdk | https://drive.google.com/file/d/18CRnffgcvrCq34G_8v1YC4uvb-7hHMMt/view?usp=drivesdk,pdf | preentation
"lumikot malla matta|preentation,video",Lumikot malla matta.mp4,1xvHBLy5pf5zlRXBA1xbr0RJISq2IOLZw,2,1xvHBLy5pf5zlRXBA1xbr0RJISq2IOLZw | 1xvHBLy5pf5zlRXBA1xbr0RJISq2IOLZw,Lumikot malla matta.mp4 | Lumikot malla matta.mp4Video,https://drive.google.com/file/d/1xvHBLy5pf5zlRXBA1xbr0RJISq2IOLZw/view?usp=drivesdk | https://drive.google.com/file/d/1xvHBLy5pf5zlRXBA1xbr0RJISq2IOLZw/view?usp=drivesdk,video | preentation
"imperfekti pdf kuvista 3|pdf,preentation",Imperfekti (pdf kuvista) (3).pdf,1Tu71AoiUU5hYJKLS7rCBnFnpq4WSd4EC,2,1Tu71AoiUU5hYJKLS7rCBnFnpq4WSd4EC | 1Tu71AoiUU5hYJKLS7rCBnFnpq4WSd4EC,Imperfekti (pdf kuvista) (3).pdf | Imperfekti (pdf kuvista) (3).pdfPDF,https://drive.google.com/file/d/1Tu71AoiUU5hYJKLS7rCBnFnpq4WSd4EC/view?usp=drivesdk | https://drive.google.com/file/d/1Tu71AoiUU5hYJKLS7rCBnFnpq4WSd4EC/view?usp=drivesdk,pdf | preentation
"toivelaulut lumikot|preentation,video","toivelaulut, lumikot.mp4",1KkXLPZqugVa1wL1h8Sq7YmHsLRweYLgw,2,1KkXLPZqugVa1wL1h8Sq7YmHsLRweYLgw | 1KkXLPZqugVa1wL1h8Sq7YmHsLRweYLgw,"toivelaulut, lumikot.mp4 | toivelaulut, lumikot.mp4Video",https://drive.google.com/file/d/1KkXLPZqugVa1wL1h8Sq7YmHsLRweYLgw/view?usp=drivesdk | https://drive.google.com/file/d/1KkXLPZqugVa1wL1h8Sq7YmHsLRweYLgw/view?usp=drivesdk,video | preentation
"lumikkoin oikeudet ja velvollisuudet|preentation,video",Lumikkoin oikeudet ja velvollisuudet.mp4,1_fxxNHJcEUZxpaWg4BrM4VMp62euex6U,2,1_fxxNHJcEUZxpaWg4BrM4VMp62euex6U | 1_fxxNHJcEUZxpaWg4BrM4VMp62euex6U,Lumikkoin oikeudet ja velvollisuudet.mp4 | Lumikkoin oikeudet ja velvollisuudet.mp4Video,https://drive.google.com/file/d/1_fxxNHJcEUZxpaWg4BrM4VMp62euex6U/view?usp=drivesdk | https://drive.google.com/file/d/1_fxxNHJcEUZxpaWg4BrM4VMp62euex6U/view?usp=drivesdk,video | preentation
oikeudet_sanasto|preentation,oikeudet_sanasto.pngImage,1YrHUmjJQ5KXxb6M6jAHFY-8PHHCOeSeu,2,1YrHUmjJQ5KXxb6M6jAHFY-8PHHCOeSeu | 1YrHUmjJQ5KXxb6M6jAHFY-8PHHCOeSeu,oikeudet_sanasto.png | oikeudet_sanasto.pngImage,https://drive.google.com/file/d/1YrHUmjJQ5KXxb6M6jAHFY-8PHHCOeSeu/view?usp=drivesdk | https://drive.google.com/file/d/1YrHUmjJQ5KXxb6M6jAHFY-8PHHCOeSeu/view?usp=drivesdk,preentation
"64 malla matta classpptx|pdf,preentation",6.4. malla matta CLASS.pptx.pdf,1VOJWCqVUoCUTgVR7fidxwAqPn8MxCgwr,2,1VOJWCqVUoCUTgVR7fidxwAqPn8MxCgwr | 1VOJWCqVUoCUTgVR7fidxwAqPn8MxCgwr,6.4. malla matta CLASS.pptx.pdf | 6.4. malla matta CLASS.pptx.pdfPDF,https://drive.google.com/file/d/1VOJWCqVUoCUTgVR7fidxwAqPn8MxCgwr/view?usp=drivesdk | https://drive.google.com/file/d/1VOJWCqVUoCUTgVR7fidxwAqPn8MxCgwr/view?usp=drivesdk,pdf | preentation
kela_sanasto|preentation,kela_sanasto.pngImage,193tR68elI8YtrH8qaIN-zgpoQRkrzUYM,2,193tR68elI8YtrH8qaIN-zgpoQRkrzUYM | 193tR68elI8YtrH8qaIN-zgpoQRkrzUYM,kela_sanasto.png | kela_sanasto.pngImage,https://drive.google.com/file/d/193tR68elI8YtrH8qaIN-zgpoQRkrzUYM/view?usp=drivesdk | https://drive.google.com/file/d/193tR68elI8YtrH8qaIN-zgpoQRkrzUYM/view?usp=drivesdk,preentation
"a2 03 ruoka - google docs|google doc?,pdf,preentation",A2 03 Ruoka - Google Docs.pdf,15LRBhNer29nU5MMkAgMu3KxWj5fFif04,4,15LRBhNer29nU5MMkAgMu3KxWj5fFif04 | 15LRBhNer29nU5MMkAgMu3KxWj5fFif04 | 1s8Am3KRoftBc2LyQjpzagz4LnhkcLmCS | 1s8Am3KRoftBc2LyQjpzagz4LnhkcLmCS,A2 03 Ruoka - Google Docs.pdf | A2 03 Ruoka - Google Docs.pdfPDF | A2 03 Ruoka - Google Docs.pdf | A2 03 Ruoka - Google Docs.pdfPDF,https://drive.google.com/file/d/15LRBhNer29nU5MMkAgMu3KxWj5fFif04/view?usp=drivesdk | https://drive.google.com/file/d/15LRBhNer29nU5MMkAgMu3KxWj5fFif04/view?usp=drivesdk | https://drive.google.com/file/d/1s8Am3KRoftBc2LyQjpzagz4LnhkcLmCS/view?usp=drivesdk | https://drive.google.com/file/d/1s8Am3KRoftBc2LyQjpzagz4LnhkcLmCS/view?usp=drivesdk,pdf | google doc? | preentation
"poliisi lumikot|preentation,video","poliisi, lumikot.mp4",17g7--Uk2u-PusJ1WG9C8g1wP7Zr-1LTL,2,17g7--Uk2u-PusJ1WG9C8g1wP7Zr-1LTL | 17g7--Uk2u-PusJ1WG9C8g1wP7Zr-1LTL,"poliisi, lumikot.mp4 | poliisi, lumikot.mp4Video",https://drive.google.com/file/d/17g7--Uk2u-PusJ1WG9C8g1wP7Zr-1LTL/view?usp=drivesdk | https://drive.google.com/file/d/17g7--Uk2u-PusJ1WG9C8g1wP7Zr-1LTL/view?usp=drivesdk,video | preentation
"lumikot valittaa ja asioi ravintolassa|preentation,video",Lumikot valittaa ja asioi ravintolassa.mp4,1LtzFEfVii9e980PdR3fQ151MJrNqP4WD,2,1LtzFEfVii9e980PdR3fQ151MJrNqP4WD | 1LtzFEfVii9e980PdR3fQ151MJrNqP4WD,Lumikot valittaa ja asioi ravintolassa.mp4 | Lumikot valittaa ja asioi ravintolassa.mp4Video,https://drive.google.com/file/d/1LtzFEfVii9e980PdR3fQ151MJrNqP4WD/view?usp=drivesdk | https://drive.google.com/file/d/1LtzFEfVii9e980PdR3fQ151MJrNqP4WD/view?usp=drivesdk,video | preentation
"työturvallisuus lumikot|document,google doc?,preentation","Työturvallisuus, lumikot",1ldtQDE7LjWHhWOa1w6HKtRv6wZaVNfHgmmQD2CpYiBk,2,1ldtQDE7LjWHhWOa1w6HKtRv6wZaVNfHgmmQD2CpYiBk | 1ldtQDE7LjWHhWOa1w6HKtRv6wZaVNfHgmmQD2CpYiBk,"Työturvallisuus, lumikot | Työturvallisuus, lumikot",https://docs.google.com/document/d/1ldtQDE7LjWHhWOa1w6HKtRv6wZaVNfHgmmQD2CpYiBk/edit?usp=drivesdk | https://docs.google.com/document/d/1ldtQDE7LjWHhWOa1w6HKtRv6wZaVNfHgmmQD2CpYiBk/edit?usp=drivesdk,google doc? | preentation | document
"työturvallisuus lumikot|document,google doc?,google docs,preentation","Työturvallisuus, lumikot",1ldtQDE7LjWHhWOa1w6HKtRv6wZaVNfHgmmQD2CpYiBk,2,1ldtQDE7LjWHhWOa1w6HKtRv6wZaVNfHgmmQD2CpYiBk | 1ldtQDE7LjWHhWOa1w6HKtRv6wZaVNfHgmmQD2CpYiBk,"Työturvallisuus, lumikotGoogle Docs | Työturvallisuus, lumikotGoogle Docs",https://docs.google.com/document/d/1ldtQDE7LjWHhWOa1w6HKtRv6wZaVNfHgmmQD2CpYiBk/edit?usp=drivesdk | https://docs.google.com/document/d/1ldtQDE7LjWHhWOa1w6HKtRv6wZaVNfHgmmQD2CpYiBk/edit?usp=drivesdk,google docs | google doc? | preentation | document
"työturvallisuus 2 lumikot|preentation,video","työturvallisuus 2, lumikot.mp4",118zBw-MaEdKt_0LN2k1sB07utYoal5-n,2,118zBw-MaEdKt_0LN2k1sB07utYoal5-n | 118zBw-MaEdKt_0LN2k1sB07utYoal5-n,"työturvallisuus 2, lumikot.mp4 | työturvallisuus 2, lumikot.mp4Video",https://drive.google.com/file/d/118zBw-MaEdKt_0LN2k1sB07utYoal5-n/view?usp=drivesdk | https://drive.google.com/file/d/118zBw-MaEdKt_0LN2k1sB07utYoal5-n/view?usp=drivesdk,video | preentation
"työturvallisuus lumikot|preentation,video","työturvallisuus, lumikot.mp4",1KyA6mPjcFCQ6b9q4b8YH8tpc5Om6ZzGW,2,1KyA6mPjcFCQ6b9q4b8YH8tpc5Om6ZzGW | 1KyA6mPjcFCQ6b9q4b8YH8tpc5Om6ZzGW,"työturvallisuus, lumikot.mp4 | työturvallisuus, lumikot.mp4Video",https://drive.google.com/file/d/1KyA6mPjcFCQ6b9q4b8YH8tpc5Om6ZzGW/view?usp=drivesdk | https://drive.google.com/file/d/1KyA6mPjcFCQ6b9q4b8YH8tpc5Om6ZzGW/view?usp=drivesdk,video | preentation
työturvallisuus_sanasto|preentation,työturvallisuus_sanasto.pngImage,1noydssgTry88SoJ2h28qStuwdULlKsz2,2,1noydssgTry88SoJ2h28qStuwdULlKsz2 | 1noydssgTry88SoJ2h28qStuwdULlKsz2,työturvallisuus_sanasto.png | työturvallisuus_sanasto.pngImage,https://drive.google.com/file/d/1noydssgTry88SoJ2h28qStuwdULlKsz2/view?usp=drivesdk | https://drive.google.com/file/d/1noydssgTry88SoJ2h28qStuwdULlKsz2/view?usp=drivesdk,preentation
asiointi_sanasto|preentation,asiointi_sanasto.pngImage,1kUhYyoSZEMRQoHp-Fsre_9tjePamoIli,2,1kUhYyoSZEMRQoHp-Fsre_9tjePamoIli | 1kUhYyoSZEMRQoHp-Fsre_9tjePamoIli,asiointi_sanasto.png | asiointi_sanasto.pngImage,https://drive.google.com/file/d/1kUhYyoSZEMRQoHp-Fsre_9tjePamoIli/view?usp=drivesdk | https://drive.google.com/file/d/1kUhYyoSZEMRQoHp-Fsre_9tjePamoIli/view?usp=drivesdk,preentation
poliisi_sanasto|preentation,poliisi_sanasto.pngImage,1STJBVLeXf2iG0y1c_AjRkWWoLiJFnCaW,2,1STJBVLeXf2iG0y1c_AjRkWWoLiJFnCaW | 1STJBVLeXf2iG0y1c_AjRkWWoLiJFnCaW,poliisi_sanasto.png | poliisi_sanasto.pngImage,https://drive.google.com/file/d/1STJBVLeXf2iG0y1c_AjRkWWoLiJFnCaW/view?usp=drivesdk | https://drive.google.com/file/d/1STJBVLeXf2iG0y1c_AjRkWWoLiJFnCaW/view?usp=drivesdk,preentation
"a2 02 perhe 1|pdf,preentation",A2 02 Perhe (1).pdf,1hLB0UIAzdiGmNMa4iCkbutRFophLdByR,2,1hLB0UIAzdiGmNMa4iCkbutRFophLdByR | 1hLB0UIAzdiGmNMa4iCkbutRFophLdByR,A2 02 Perhe (1).pdf | A2 02 Perhe (1).pdfPDF,https://drive.google.com/file/d/1hLB0UIAzdiGmNMa4iCkbutRFophLdByR/view?usp=drivesdk | https://drive.google.com/file/d/1hLB0UIAzdiGmNMa4iCkbutRFophLdByR/view?usp=drivesdk,pdf | preentation
"puhetestin harjoitus lumikot|document,google doc?,preentation","Puhetestin harjoitus, lumikot",1qR4Kq-_565fub480fkYYw-icWAYzVhMjc_m4SaVwljQ,2,1qR4Kq-_565fub480fkYYw-icWAYzVhMjc_m4SaVwljQ | 1hz5jfqTpZNMh90DBDKWRJvMxRjILBrfFLaFbgiU0fUQ,"Puhetestin harjoitus, lumikot | Puhetestin harjoitus, lumikot",https://docs.google.com/document/d/1qR4Kq-_565fub480fkYYw-icWAYzVhMjc_m4SaVwljQ/edit?usp=drivesdk | https://docs.google.com/document/d/1hz5jfqTpZNMh90DBDKWRJvMxRjILBrfFLaFbgiU0fUQ/edit?usp=drivesdk,google doc? | preentation | document
"puhetestin harjoitus lumikot|document,google doc?,google docs,preentation","Puhetestin harjoitus, lumikot",1qR4Kq-_565fub480fkYYw-icWAYzVhMjc_m4SaVwljQ,2,1qR4Kq-_565fub480fkYYw-icWAYzVhMjc_m4SaVwljQ | 1hz5jfqTpZNMh90DBDKWRJvMxRjILBrfFLaFbgiU0fUQ,"Puhetestin harjoitus, lumikotGoogle Docs | Puhetestin harjoitus, lumikotGoogle Docs",https://docs.google.com/document/d/1qR4Kq-_565fub480fkYYw-icWAYzVhMjc_m4SaVwljQ/edit?usp=drivesdk | https://docs.google.com/document/d/1hz5jfqTpZNMh90DBDKWRJvMxRjILBrfFLaFbgiU0fUQ/edit?usp=drivesdk,google docs | google doc? | preentation | document
"puhetestin kertaus lumikot|preentation,video","puhetestin kertaus, lumikot.mp4",1uQNWDVigDiS0079Ft2TrF45C6m9v_xrJ,2,1uQNWDVigDiS0079Ft2TrF45C6m9v_xrJ | 1uQNWDVigDiS0079Ft2TrF45C6m9v_xrJ,"puhetestin kertaus, lumikot.mp4 | puhetestin kertaus, lumikot.mp4Video",https://drive.google.com/file/d/1uQNWDVigDiS0079Ft2TrF45C6m9v_xrJ/view?usp=drivesdk | https://drive.google.com/file/d/1uQNWDVigDiS0079Ft2TrF45C6m9v_xrJ/view?usp=drivesdk,video | preentation
"64 adverbit|pdf,preentation",6.4. Adverbit.pdf,1SPXoUGDiSeqQnPLrY475M_YVPA3Kuixf,2,1SPXoUGDiSeqQnPLrY475M_YVPA3Kuixf | 1SPXoUGDiSeqQnPLrY475M_YVPA3Kuixf,6.4. Adverbit.pdf | 6.4. Adverbit.pdfPDF,https://drive.google.com/file/d/1SPXoUGDiSeqQnPLrY475M_YVPA3Kuixf/view?usp=drivesdk | https://drive.google.com/file/d/1SPXoUGDiSeqQnPLrY475M_YVPA3Kuixf/view?usp=drivesdk,pdf | preentation
"tavan adverbit|preentation,video",Tavan adverbit.mp4,13uq2OATzt1U5cgC44Mqb3v3Gkz7nGOf-,2,13uq2OATzt1U5cgC44Mqb3v3Gkz7nGOf- | 13uq2OATzt1U5cgC44Mqb3v3Gkz7nGOf-,Tavan adverbit.mp4 | Tavan adverbit.mp4Video,https://drive.google.com/file/d/13uq2OATzt1U5cgC44Mqb3v3Gkz7nGOf-/view?usp=drivesdk | https://drive.google.com/file/d/13uq2OATzt1U5cgC44Mqb3v3Gkz7nGOf-/view?usp=drivesdk,video | preentation
"lähipiiri lumikot|preentation,video","lähipiiri, lumikot.mp4",1BtdZFPsnUNnu8pMuIlYixUUBCh13_xHy,2,1BtdZFPsnUNnu8pMuIlYixUUBCh13_xHy | 1BtdZFPsnUNnu8pMuIlYixUUBCh13_xHy,"lähipiiri, lumikot.mp4 | lähipiiri, lumikot.mp4Video",https://drive.google.com/file/d/1BtdZFPsnUNnu8pMuIlYixUUBCh13_xHy/view?usp=drivesdk | https://drive.google.com/file/d/1BtdZFPsnUNnu8pMuIlYixUUBCh13_xHy/view?usp=drivesdk,video | preentation
51 lähipiiri sanasto|preentation,5.1. lähipiiri sanasto.pngImage,16a1UyZThDhEUzBs3QbwLJNWFVCzcdTSi,2,16a1UyZThDhEUzBs3QbwLJNWFVCzcdTSi | 16a1UyZThDhEUzBs3QbwLJNWFVCzcdTSi,5.1. lähipiiri sanasto.png | 5.1. lähipiiri sanasto.pngImage,https://drive.google.com/file/d/16a1UyZThDhEUzBs3QbwLJNWFVCzcdTSi/view?usp=drivesdk | https://drive.google.com/file/d/16a1UyZThDhEUzBs3QbwLJNWFVCzcdTSi/view?usp=drivesdk,preentation
"64 adverbit class|pdf,preentation",6.4. Adverbit CLASS.pdf,1dFEBGwGFu5qw-yH813PH7819vIlhE14G,2,1dFEBGwGFu5qw-yH813PH7819vIlhE14G | 1dFEBGwGFu5qw-yH813PH7819vIlhE14G,6.4. Adverbit CLASS.pdf | 6.4. Adverbit CLASS.pdfPDF,https://drive.google.com/file/d/1dFEBGwGFu5qw-yH813PH7819vIlhE14G/view?usp=drivesdk | https://drive.google.com/file/d/1dFEBGwGFu5qw-yH813PH7819vIlhE14G/view?usp=drivesdk,pdf | preentation
"44 translatiiviharjoitus|pdf,preentation",4.4. translatiiviharjoitus.pdf,1oQkLWKWw3yTXuQyNaVffT-6rf4a4FiF1,2,1oQkLWKWw3yTXuQyNaVffT-6rf4a4FiF1 | 1oQkLWKWw3yTXuQyNaVffT-6rf4a4FiF1,4.4. translatiiviharjoitus.pdf | 4.4. translatiiviharjoitus.pdfPDF,https://drive.google.com/file/d/1oQkLWKWw3yTXuQyNaVffT-6rf4a4FiF1/view?usp=drivesdk | https://drive.google.com/file/d/1oQkLWKWw3yTXuQyNaVffT-6rf4a4FiF1/view?usp=drivesdk,pdf | preentation
"44 essiivi harjoitus|pdf,preentation",4.4. essiivi harjoitus.pdf,1GRBqt6QE_mkfeCUPdOQ-JH-cjqf1Rc4x,2,1GRBqt6QE_mkfeCUPdOQ-JH-cjqf1Rc4x | 1GRBqt6QE_mkfeCUPdOQ-JH-cjqf1Rc4x,4.4. essiivi harjoitus.pdf | 4.4. essiivi harjoitus.pdfPDF,https://drive.google.com/file/d/1GRBqt6QE_mkfeCUPdOQ-JH-cjqf1Rc4x/view?usp=drivesdk | https://drive.google.com/file/d/1GRBqt6QE_mkfeCUPdOQ-JH-cjqf1Rc4x/view?usp=drivesdk,pdf | preentation
"44 essiivi ja translatiivi class|pdf,preentation",4.4. essiivi ja translatiivi CLASS.pdf,1PMliky7UIWQQGKmsb_E__4T0SC-UNvmt,2,1PMliky7UIWQQGKmsb_E__4T0SC-UNvmt | 1PMliky7UIWQQGKmsb_E__4T0SC-UNvmt,4.4. essiivi ja translatiivi CLASS.pdf | 4.4. essiivi ja translatiivi CLASS.pdfPDF,https://drive.google.com/file/d/1PMliky7UIWQQGKmsb_E__4T0SC-UNvmt/view?usp=drivesdk | https://drive.google.com/file/d/1PMliky7UIWQQGKmsb_E__4T0SC-UNvmt/view?usp=drivesdk,pdf | preentation
"lumikot 42 ajanvaraus ja päivystys|document,google docs,preentation",Lumikot: 4.2. Ajanvaraus ja päivystys.docxMicrosoft Word,1bATJ-ep650h6ijR9kdibvKmhZ8VutKfC,2,1bATJ-ep650h6ijR9kdibvKmhZ8VutKfC | 1bATJ-ep650h6ijR9kdibvKmhZ8VutKfC,Lumikot: 4.2. Ajanvaraus ja päivystys.docx | Lumikot: 4.2. Ajanvaraus ja päivystys.docxMicrosoft Word,https://docs.google.com/document/d/1bATJ-ep650h6ijR9kdibvKmhZ8VutKfC/edit?usp=drivesdk&ouid=110067718716034362637&rtpof=true&sd=true | https://docs.google.com/document/d/1bATJ-ep650h6ijR9kdibvKmhZ8VutKfC/edit?usp=drivesdk&ouid=110067718716034362637&rtpof=true&sd=true,google docs | preentation | document
"43 terveydenhuolto|document,google docs,preentation",4.3. Terveydenhuolto.docxMicrosoft Word,1Yt50tw7ENFDt91G5t1b4VDh8kFwYjy73,2,1Yt50tw7ENFDt91G5t1b4VDh8kFwYjy73 | 1Yt50tw7ENFDt91G5t1b4VDh8kFwYjy73,4.3. Terveydenhuolto.docx | 4.3. Terveydenhuolto.docxMicrosoft Word,https://docs.google.com/document/d/1Yt50tw7ENFDt91G5t1b4VDh8kFwYjy73/edit?usp=drivesdk&ouid=110067718716034362637&rtpof=true&sd=true | https://docs.google.com/document/d/1Yt50tw7ENFDt91G5t1b4VDh8kFwYjy73/edit?usp=drivesdk&ouid=110067718716034362637&rtpof=true&sd=true,google docs | preentation | document
43 terveydenhuollon sanasto|preentation,4.3. Terveydenhuollon sanasto.pngImage,1uUzgCvC8RZHU8PBYgVpGgjrOfuRzP7Bz,2,1uUzgCvC8RZHU8PBYgVpGgjrOfuRzP7Bz | 1uUzgCvC8RZHU8PBYgVpGgjrOfuRzP7Bz,4.3. Terveydenhuollon sanasto.png | 4.3. Terveydenhuollon sanasto.pngImage,https://drive.google.com/file/d/1uUzgCvC8RZHU8PBYgVpGgjrOfuRzP7Bz/view?usp=drivesdk | https://drive.google.com/file/d/1uUzgCvC8RZHU8PBYgVpGgjrOfuRzP7Bz/view?usp=drivesdk,preentation
lääkärissä 42|preentation,lääkärissä 4.2.pngImage,1_6r7d3BmxB7RfMvAH66QPGPhjaoLQOlj,2,1_6r7d3BmxB7RfMvAH66QPGPhjaoLQOlj | 1_6r7d3BmxB7RfMvAH66QPGPhjaoLQOlj,lääkärissä 4.2.png | lääkärissä 4.2.pngImage,https://drive.google.com/file/d/1_6r7d3BmxB7RfMvAH66QPGPhjaoLQOlj/view?usp=drivesdk | https://drive.google.com/file/d/1_6r7d3BmxB7RfMvAH66QPGPhjaoLQOlj/view?usp=drivesdk,preentation
"44 essiivi ja translatiivi|pdf,preentation",4.4. essiivi ja translatiivi.pdf,17EyHENW5JOObh9vstHYzVr4gEWC0Ydja,2,17EyHENW5JOObh9vstHYzVr4gEWC0Ydja | 17EyHENW5JOObh9vstHYzVr4gEWC0Ydja,4.4. essiivi ja translatiivi.pdf | 4.4. essiivi ja translatiivi.pdfPDF,https://drive.google.com/file/d/17EyHENW5JOObh9vstHYzVr4gEWC0Ydja/view?usp=drivesdk | https://drive.google.com/file/d/17EyHENW5JOObh9vstHYzVr4gEWC0Ydja/view?usp=drivesdk,pdf | preentation
"108_41 hätänumerodocx|pdf,preentation",10.8._4.1. Hätänumero.docx.pdf,13h5HqPn37JcLaXZQEN8ZyZ0ViTmFf0KB,2,13h5HqPn37JcLaXZQEN8ZyZ0ViTmFf0KB | 13h5HqPn37JcLaXZQEN8ZyZ0ViTmFf0KB,10.8._4.1. Hätänumero.docx.pdf | 10.8._4.1. Hätänumero.docx.pdfPDF,https://drive.google.com/file/d/13h5HqPn37JcLaXZQEN8ZyZ0ViTmFf0KB/view?usp=drivesdk | https://drive.google.com/file/d/13h5HqPn37JcLaXZQEN8ZyZ0ViTmFf0KB/view?usp=drivesdk,pdf | preentation
"108_41 hätäpuhelu|preentation,video",10.8._4.1 Hätäpuhelu.mp4,1IvWhw386IIlnLaTSgSXN2_cxvbuGizc0,2,1IvWhw386IIlnLaTSgSXN2_cxvbuGizc0 | 1IvWhw386IIlnLaTSgSXN2_cxvbuGizc0,10.8._4.1 Hätäpuhelu.mp4 | 10.8._4.1 Hätäpuhelu.mp4Video,https://drive.google.com/file/d/1IvWhw386IIlnLaTSgSXN2_cxvbuGizc0/view?usp=drivesdk | https://drive.google.com/file/d/1IvWhw386IIlnLaTSgSXN2_cxvbuGizc0/view?usp=drivesdk,video | preentation
"lumikot kirjottaa|preentation,video",Lumikot kirjottaa.mp4,1djS1rb_HYUq54nZeXPZQw64ZLm1GwZxT,2,1djS1rb_HYUq54nZeXPZQw64ZLm1GwZxT | 1djS1rb_HYUq54nZeXPZQw64ZLm1GwZxT,Lumikot kirjottaa.mp4 | Lumikot kirjottaa.mp4Video,https://drive.google.com/file/d/1djS1rb_HYUq54nZeXPZQw64ZLm1GwZxT/view?usp=drivesdk | https://drive.google.com/file/d/1djS1rb_HYUq54nZeXPZQw64ZLm1GwZxT/view?usp=drivesdk,video | preentation
"88_33 työpaikalla jutustelua|pdf,preentation",8.8._3.3. Työpaikalla jutustelua.pdf,1gCKG9eQG6LULcGUCk5qzJ2H2En6IzIc2,2,1gCKG9eQG6LULcGUCk5qzJ2H2En6IzIc2 | 1gCKG9eQG6LULcGUCk5qzJ2H2En6IzIc2,8.8._3.3. Työpaikalla jutustelua.pdf | 8.8._3.3. Työpaikalla jutustelua.pdfPDF,https://drive.google.com/file/d/1gCKG9eQG6LULcGUCk5qzJ2H2En6IzIc2/view?usp=drivesdk | https://drive.google.com/file/d/1gCKG9eQG6LULcGUCk5qzJ2H2En6IzIc2/view?usp=drivesdk,pdf | preentation
"88_33- työpaikalla jutustelua|preentation,video",8.8._3.3- Työpaikalla jutustelua.mp4,1zGQbEHYcrUOvbSXsA9ZvHQUYq-X_QG0E,2,1zGQbEHYcrUOvbSXsA9ZvHQUYq-X_QG0E | 1zGQbEHYcrUOvbSXsA9ZvHQUYq-X_QG0E,8.8._3.3- Työpaikalla jutustelua.mp4 | 8.8._3.3- Työpaikalla jutustelua.mp4Video,https://drive.google.com/file/d/1zGQbEHYcrUOvbSXsA9ZvHQUYq-X_QG0E/view?usp=drivesdk | https://drive.google.com/file/d/1zGQbEHYcrUOvbSXsA9ZvHQUYq-X_QG0E/view?usp=drivesdk,video | preentation
"782023_32 työ- ja koulutushistoria|pdf,preentation",7.8.2023_3.2. Työ- ja koulutushistoria.pdf,1pL2dRR4Gcfog_Ik1onmPe_gbaoAeSBOS,2,1pL2dRR4Gcfog_Ik1onmPe_gbaoAeSBOS | 1pL2dRR4Gcfog_Ik1onmPe_gbaoAeSBOS,7.8.2023_3.2. Työ- ja koulutushistoria.pdf | 7.8.2023_3.2. Työ- ja koulutushistoria.pdfPDF,https://drive.google.com/file/d/1pL2dRR4Gcfog_Ik1onmPe_gbaoAeSBOS/view?usp=drivesdk | https://drive.google.com/file/d/1pL2dRR4Gcfog_Ik1onmPe_gbaoAeSBOS/view?usp=drivesdk,pdf | preentation
"32 työ- ja koulutushistoria pt1|preentation,video",3.2. Työ- ja koulutushistoria pt1.mp4,1Nun15ktwOKdDp7rCLzJfkl-bZi5vjxiO,2,1Nun15ktwOKdDp7rCLzJfkl-bZi5vjxiO | 1Nun15ktwOKdDp7rCLzJfkl-bZi5vjxiO,3.2. Työ- ja koulutushistoria pt1.mp4 | 3.2. Työ- ja koulutushistoria pt1.mp4Video,https://drive.google.com/file/d/1Nun15ktwOKdDp7rCLzJfkl-bZi5vjxiO/view?usp=drivesdk | https://drive.google.com/file/d/1Nun15ktwOKdDp7rCLzJfkl-bZi5vjxiO/view?usp=drivesdk,video | preentation
"32- työ ja koulutushistoria pt2|preentation,video",3.2- Työ ja koulutushistoria pt2.mp4,14R-lfSt10lsYsxhWt3zn5VJN_d3rKwok,2,14R-lfSt10lsYsxhWt3zn5VJN_d3rKwok | 14R-lfSt10lsYsxhWt3zn5VJN_d3rKwok,3.2- Työ ja koulutushistoria pt2.mp4 | 3.2- Työ ja koulutushistoria pt2.mp4Video,https://drive.google.com/file/d/14R-lfSt10lsYsxhWt3zn5VJN_d3rKwok/view?usp=drivesdk | https://drive.google.com/file/d/14R-lfSt10lsYsxhWt3zn5VJN_d3rKwok/view?usp=drivesdk,video | preentation
32 työhistoria|preentation,3.2. työhistoria.pngImage,1-CpXVNdjKxKEBjaTepl5vd6StRL4Tozp,2,1-CpXVNdjKxKEBjaTepl5vd6StRL4Tozp | 1-CpXVNdjKxKEBjaTepl5vd6StRL4Tozp,3.2. työhistoria.png | 3.2. työhistoria.pngImage,https://drive.google.com/file/d/1-CpXVNdjKxKEBjaTepl5vd6StRL4Tozp/view?usp=drivesdk | https://drive.google.com/file/d/1-CpXVNdjKxKEBjaTepl5vd6StRL4Tozp/view?usp=drivesdk,preentation
33 työpäivän ennakkokysymys|preentation,3.3. Työpäivän ennakkokysymys.pngImage,1uaVV8iL8cldgkfzSGdiSyuDUzqV6xPjw,2,1uaVV8iL8cldgkfzSGdiSyuDUzqV6xPjw | 1uaVV8iL8cldgkfzSGdiSyuDUzqV6xPjw,3.3. Työpäivän ennakkokysymys.png | 3.3. Työpäivän ennakkokysymys.pngImage,https://drive.google.com/file/d/1uaVV8iL8cldgkfzSGdiSyuDUzqV6xPjw/view?usp=drivesdk | https://drive.google.com/file/d/1uaVV8iL8cldgkfzSGdiSyuDUzqV6xPjw/view?usp=drivesdk,preentation
"luento4vt1eikpt cl|pdf,preentation",luento4vt1eikpt cl.pdf,1RncrjC6Gft_vNuaa7eJqTYJG0nhc596a,2,1RncrjC6Gft_vNuaa7eJqTYJG0nhc596a | 1RncrjC6Gft_vNuaa7eJqTYJG0nhc596a,luento4vt1eikpt cl.pdf | luento4vt1eikpt cl.pdfPDF,https://drive.google.com/file/d/1RncrjC6Gft_vNuaa7eJqTYJG0nhc596a/view?usp=drivesdk | https://drive.google.com/file/d/1RncrjC6Gft_vNuaa7eJqTYJG0nhc596a/view?usp=drivesdk,pdf | preentation
"luento5vt1av cl|pdf,preentation",luento5vt1av cl.pdf,1Cvo6qa5sfJShrkRJh1gM5v4Uigj6qZbd,2,1Cvo6qa5sfJShrkRJh1gM5v4Uigj6qZbd | 1Cvo6qa5sfJShrkRJh1gM5v4Uigj6qZbd,luento5vt1av cl.pdf | luento5vt1av cl.pdfPDF,https://drive.google.com/file/d/1Cvo6qa5sfJShrkRJh1gM5v4Uigj6qZbd/view?usp=drivesdk | https://drive.google.com/file/d/1Cvo6qa5sfJShrkRJh1gM5v4Uigj6qZbd/view?usp=drivesdk,pdf | preentation
"luento6vt2j5 cl|pdf,preentation",luento6vt2j5 cl.pdf,1yYqiRH2TG1L5Swm6BcwZ8T9FpnPP2dYo,2,1yYqiRH2TG1L5Swm6BcwZ8T9FpnPP2dYo | 1yYqiRH2TG1L5Swm6BcwZ8T9FpnPP2dYo,luento6vt2j5 cl.pdf | luento6vt2j5 cl.pdfPDF,https://drive.google.com/file/d/1yYqiRH2TG1L5Swm6BcwZ8T9FpnPP2dYo/view?usp=drivesdk | https://drive.google.com/file/d/1yYqiRH2TG1L5Swm6BcwZ8T9FpnPP2dYo/view?usp=drivesdk,pdf | preentation
"luento7kokys cl|pdf,preentation",luento7kokys cl.pdf,1v7Ils9HTDaq2Ig5uCqPglsdqnjC40nZg,2,1v7Ils9HTDaq2Ig5uCqPglsdqnjC40nZg | 1v7Ils9HTDaq2Ig5uCqPglsdqnjC40nZg,luento7kokys cl.pdf | luento7kokys cl.pdfPDF,https://drive.google.com/file/d/1v7Ils9HTDaq2Ig5uCqPglsdqnjC40nZg/view?usp=drivesdk | https://drive.google.com/file/d/1v7Ils9HTDaq2Ig5uCqPglsdqnjC40nZg/view?usp=drivesdk,pdf | preentation
"verbityypit 3 ja 4 - ei kpt cl|pdf,preentation",Verbityypit 3 ja 4 - ei kpt cl.pdf,1qqY1sTBM95BmmGLC-Ey2HwucVHK7dR2v,2,1qqY1sTBM95BmmGLC-Ey2HwucVHK7dR2v | 1qqY1sTBM95BmmGLC-Ey2HwucVHK7dR2v,Verbityypit 3 ja 4 - ei kpt cl.pdf | Verbityypit 3 ja 4 - ei kpt cl.pdfPDF,https://drive.google.com/file/d/1qqY1sTBM95BmmGLC-Ey2HwucVHK7dR2v/view?usp=drivesdk | https://drive.google.com/file/d/1qqY1sTBM95BmmGLC-Ey2HwucVHK7dR2v/view?usp=drivesdk,pdf | preentation
"luento14vt34kpt cl|pdf,preentation",luento14VT34kpt cl.pdf,1V4WySXB1vGwTnZ7zEAi713Rc0nmExPs3,2,1V4WySXB1vGwTnZ7zEAi713Rc0nmExPs3 | 1V4WySXB1vGwTnZ7zEAi713Rc0nmExPs3,luento14VT34kpt cl.pdf | luento14VT34kpt cl.pdfPDF,https://drive.google.com/file/d/1V4WySXB1vGwTnZ7zEAi713Rc0nmExPs3/view?usp=drivesdk | https://drive.google.com/file/d/1V4WySXB1vGwTnZ7zEAi713Rc0nmExPs3/view?usp=drivesdk,pdf | preentation
"luento24imperfekti1 cl|pdf,preentation",luento24imperfekti1 CL.pdf,15pKdDSRbYWlvFhphRMlPcyO4juj0P-Ww,4,15pKdDSRbYWlvFhphRMlPcyO4juj0P-Ww | 15pKdDSRbYWlvFhphRMlPcyO4juj0P-Ww | 1fkMsz0B49Q-P2PMe5Uk___aWxe8oHcUu | 1fkMsz0B49Q-P2PMe5Uk___aWxe8oHcUu,luento24imperfekti1 CL.pdf | luento24imperfekti1 CL.pdfPDF | luento24imperfekti1 CL.pdf | luento24imperfekti1 CL.pdfPDF,https://drive.google.com/file/d/15pKdDSRbYWlvFhphRMlPcyO4juj0P-Ww/view?usp=drivesdk | https://drive.google.com/file/d/15pKdDSRbYWlvFhphRMlPcyO4juj0P-Ww/view?usp=drivesdk | https://drive.google.com/file/d/1fkMsz0B49Q-P2PMe5Uk___aWxe8oHcUu/view?usp=drivesdk | https://drive.google.com/file/d/1fkMsz0B49Q-P2PMe5Uk___aWxe8oHcUu/view?usp=drivesdk,pdf | preentation
"imperfekti 2 class|pdf,preentation",Imperfekti 2 CLASS.pdf,1atzxkpw1qNgpxb17kv7U_44rUu7GZnNV,4,1atzxkpw1qNgpxb17kv7U_44rUu7GZnNV | 1atzxkpw1qNgpxb17kv7U_44rUu7GZnNV | 1OzZxnQuspzHAKLWVTYsCGCwGBtsTuhoA | 1OzZxnQuspzHAKLWVTYsCGCwGBtsTuhoA,Imperfekti 2 CLASS.pdf | Imperfekti 2 CLASS.pdfPDF | Imperfekti 2 CLASS.pdf | Imperfekti 2 CLASS.pdfPDF,https://drive.google.com/file/d/1atzxkpw1qNgpxb17kv7U_44rUu7GZnNV/view?usp=drivesdk | https://drive.google.com/file/d/1atzxkpw1qNgpxb17kv7U_44rUu7GZnNV/view?usp=drivesdk | https://drive.google.com/file/d/1OzZxnQuspzHAKLWVTYsCGCwGBtsTuhoA/view?usp=drivesdk | https://drive.google.com/file/d/1OzZxnQuspzHAKLWVTYsCGCwGBtsTuhoA/view?usp=drivesdk,pdf | preentation
"imperfekti|pdf,preentation",Imperfekti.pdf,1h6HD21P1_gxFEHK2UqEEcgf0uoKmHuCO,2,1h6HD21P1_gxFEHK2UqEEcgf0uoKmHuCO | 1h6HD21P1_gxFEHK2UqEEcgf0uoKmHuCO,Imperfekti.pdf | Imperfekti.pdfPDF,https://drive.google.com/file/d/1h6HD21P1_gxFEHK2UqEEcgf0uoKmHuCO/view?usp=drivesdk | https://drive.google.com/file/d/1h6HD21P1_gxFEHK2UqEEcgf0uoKmHuCO/view?usp=drivesdk,pdf | preentation
"luento34vt6cl|pdf,preentation",luento34vt6CL.pdf,12KMFcUvsYeVB_dZ7-KDg0F4ai0jmaXcg,2,12KMFcUvsYeVB_dZ7-KDg0F4ai0jmaXcg | 12KMFcUvsYeVB_dZ7-KDg0F4ai0jmaXcg,luento34vt6CL.pdf | luento34vt6CL.pdfPDF,https://drive.google.com/file/d/12KMFcUvsYeVB_dZ7-KDg0F4ai0jmaXcg/view?usp=drivesdk | https://drive.google.com/file/d/12KMFcUvsYeVB_dZ7-KDg0F4ai0jmaXcg/view?usp=drivesdk,pdf | preentation
"luento38perfekticl|pdf,preentation",Luento38perfektiCL.pdf,1ARudosxcJB6Be1gjLT3Se2U3CZbaWgE-,2,1ARudosxcJB6Be1gjLT3Se2U3CZbaWgE- | 1ARudosxcJB6Be1gjLT3Se2U3CZbaWgE-,Luento38perfektiCL.pdf | Luento38perfektiCL.pdfPDF,https://drive.google.com/file/d/1ARudosxcJB6Be1gjLT3Se2U3CZbaWgE-/view?usp=drivesdk | https://drive.google.com/file/d/1ARudosxcJB6Be1gjLT3Se2U3CZbaWgE-/view?usp=drivesdk,pdf | preentation
"luento40halutavoidaosatacl|pdf,preentation",Luento40halutavoidaosataCL.pdf,1XFJFD9T6RmaAXNKF2iwrG76SXK5btQD9,2,1XFJFD9T6RmaAXNKF2iwrG76SXK5btQD9 | 1XFJFD9T6RmaAXNKF2iwrG76SXK5btQD9,Luento40halutavoidaosataCL.pdf | Luento40halutavoidaosataCL.pdfPDF,https://drive.google.com/file/d/1XFJFD9T6RmaAXNKF2iwrG76SXK5btQD9/view?usp=drivesdk | https://drive.google.com/file/d/1XFJFD9T6RmaAXNKF2iwrG76SXK5btQD9/view?usp=drivesdk,pdf | preentation
"luento53passiivi cl|pdf,preentation",Luento53passiivi CL.pdf,1k8uM4TEI_oSf_xFE-UGCqTAUCRn4Gp4i,4,1k8uM4TEI_oSf_xFE-UGCqTAUCRn4Gp4i | 1k8uM4TEI_oSf_xFE-UGCqTAUCRn4Gp4i | 1I9e4-YCk2ewufN-EHWOxYHPrRhTkKLy7 | 1I9e4-YCk2ewufN-EHWOxYHPrRhTkKLy7,Luento53passiivi CL.pdf | Luento53passiivi CL.pdfPDF | Luento53passiivi CL.pdf | Luento53passiivi CL.pdfPDF,https://drive.google.com/file/d/1k8uM4TEI_oSf_xFE-UGCqTAUCRn4Gp4i/view?usp=drivesdk | https://drive.google.com/file/d/1k8uM4TEI_oSf_xFE-UGCqTAUCRn4Gp4i/view?usp=drivesdk | https://drive.google.com/file/d/1I9e4-YCk2ewufN-EHWOxYHPrRhTkKLy7/view?usp=drivesdk | https://drive.google.com/file/d/1I9e4-YCk2ewufN-EHWOxYHPrRhTkKLy7/view?usp=drivesdk,pdf | preentation
41 hätänumeron sanasto|preentation,4.1. hätänumeron sanasto.pngImage,1pElRSwTCwgAeJxUE4dVkvNTpbKhdtjdv,2,1pElRSwTCwgAeJxUE4dVkvNTpbKhdtjdv | 1pElRSwTCwgAeJxUE4dVkvNTpbKhdtjdv,4.1. hätänumeron sanasto.png | 4.1. hätänumeron sanasto.pngImage,https://drive.google.com/file/d/1pElRSwTCwgAeJxUE4dVkvNTpbKhdtjdv/view?usp=drivesdk | https://drive.google.com/file/d/1pElRSwTCwgAeJxUE4dVkvNTpbKhdtjdv/view?usp=drivesdk,preentation
lumikot 2508|preentation,lumikot 2508.pngImage,1dbEFQyGiaB1c9Rj7ujDC3IUs6Gd7UmGU,2,1dbEFQyGiaB1c9Rj7ujDC3IUs6Gd7UmGU | 1dbEFQyGiaB1c9Rj7ujDC3IUs6Gd7UmGU,lumikot 2508.png | lumikot 2508.pngImage,https://drive.google.com/file/d/1dbEFQyGiaB1c9Rj7ujDC3IUs6Gd7UmGU/view?usp=drivesdk | https://drive.google.com/file/d/1dbEFQyGiaB1c9Rj7ujDC3IUs6Gd7UmGU/view?usp=drivesdk,preentation
"31_palkat ja verot 38|pdf,preentation",3.1._Palkat ja verot 3.8. .pdf,1FdnFgsxd45DrRy1AMbXU-7fdzUbKly2l,2,1FdnFgsxd45DrRy1AMbXU-7fdzUbKly2l | 1FdnFgsxd45DrRy1AMbXU-7fdzUbKly2l,3.1._Palkat ja verot 3.8. .pdf | 3.1._Palkat ja verot 3.8. .pdfPDF,https://drive.google.com/file/d/1FdnFgsxd45DrRy1AMbXU-7fdzUbKly2l/view?usp=drivesdk | https://drive.google.com/file/d/1FdnFgsxd45DrRy1AMbXU-7fdzUbKly2l/view?usp=drivesdk,pdf | preentation
"31_palkat ja verot_38|preentation,video",3.1_Palkat ja verot_3.8..mp4,1GxC8gNAIRiiw8irc-4ZH9yVYMFlsnX3s,2,1GxC8gNAIRiiw8irc-4ZH9yVYMFlsnX3s | 1GxC8gNAIRiiw8irc-4ZH9yVYMFlsnX3s,3.1_Palkat ja verot_3.8..mp4 | 3.1_Palkat ja verot_3.8..mp4Video,https://drive.google.com/file/d/1GxC8gNAIRiiw8irc-4ZH9yVYMFlsnX3s/view?usp=drivesdk | https://drive.google.com/file/d/1GxC8gNAIRiiw8irc-4ZH9yVYMFlsnX3s/view?usp=drivesdk,video | preentation
"muistiinpanot_24-va partisiippi_282023|pdf,preentation",Muistiinpanot_2.4.-vA partisiippi_2.8.2023.pdf,18fr1ZP-sJ3kmBkJHwnCdoeXELTuwtUA5,2,18fr1ZP-sJ3kmBkJHwnCdoeXELTuwtUA5 | 18fr1ZP-sJ3kmBkJHwnCdoeXELTuwtUA5,Muistiinpanot_2.4.-vA partisiippi_2.8.2023.pdf | Muistiinpanot_2.4.-vA partisiippi_2.8.2023.pdfPDF,https://drive.google.com/file/d/18fr1ZP-sJ3kmBkJHwnCdoeXELTuwtUA5/view?usp=drivesdk | https://drive.google.com/file/d/18fr1ZP-sJ3kmBkJHwnCdoeXELTuwtUA5/view?usp=drivesdk,pdf | preentation
"va-tehtävä|pdf,preentation",va-tehtävä.pdf,1iJ5XZGLV3b6d-J1vOPw0ErQnC8rUNfCm,2,1iJ5XZGLV3b6d-J1vOPw0ErQnC8rUNfCm | 1iJ5XZGLV3b6d-J1vOPw0ErQnC8rUNfCm,va-tehtävä.pdf | va-tehtävä.pdfPDF,https://drive.google.com/file/d/1iJ5XZGLV3b6d-J1vOPw0ErQnC8rUNfCm/view?usp=drivesdk | https://drive.google.com/file/d/1iJ5XZGLV3b6d-J1vOPw0ErQnC8rUNfCm/view?usp=drivesdk,pdf | preentation
"24 va-partisiippi luento|pdf,preentation",2.4. vA-partisiippi luento.pdf,1wylY-w00p1OiqoCrs4UUPfrbBJzSGYde,2,1wylY-w00p1OiqoCrs4UUPfrbBJzSGYde | 1wylY-w00p1OiqoCrs4UUPfrbBJzSGYde,2.4. vA-partisiippi luento.pdf | 2.4. vA-partisiippi luento.pdfPDF,https://drive.google.com/file/d/1wylY-w00p1OiqoCrs4UUPfrbBJzSGYde/view?usp=drivesdk | https://drive.google.com/file/d/1wylY-w00p1OiqoCrs4UUPfrbBJzSGYde/view?usp=drivesdk,pdf | preentation
"24 -va partisiippi 282023|preentation,video",2.4. -vA partisiippi 2.8.2023.mp4,1o6zd99O6oHYzxZqTjjbVAdwNnL33QbIn,2,1o6zd99O6oHYzxZqTjjbVAdwNnL33QbIn | 1o6zd99O6oHYzxZqTjjbVAdwNnL33QbIn,2.4. -vA partisiippi 2.8.2023.mp4 | 2.4. -vA partisiippi 2.8.2023.mp4Video,https://drive.google.com/file/d/1o6zd99O6oHYzxZqTjjbVAdwNnL33QbIn/view?usp=drivesdk | https://drive.google.com/file/d/1o6zd99O6oHYzxZqTjjbVAdwNnL33QbIn/view?usp=drivesdk,video | preentation
"vammaisten oikeudet lumikot|preentation,video",Vammaisten oikeudet Lumikot.mp4,126PKzjNG_lh1AUBFkIcy5KzXVcdeKV9p,2,126PKzjNG_lh1AUBFkIcy5KzXVcdeKV9p | 126PKzjNG_lh1AUBFkIcy5KzXVcdeKV9p,Vammaisten oikeudet Lumikot.mp4 | Vammaisten oikeudet Lumikot.mp4Video,https://drive.google.com/file/d/126PKzjNG_lh1AUBFkIcy5KzXVcdeKV9p/view?usp=drivesdk | https://drive.google.com/file/d/126PKzjNG_lh1AUBFkIcy5KzXVcdeKV9p/view?usp=drivesdk,video | preentation
"lumikot ja kulttuuri|preentation,video",Lumikot ja kulttuuri.mp4,1avgqXrfY4mJUeurdIJFnHo6I8myh6lIq,2,1avgqXrfY4mJUeurdIJFnHo6I8myh6lIq | 1avgqXrfY4mJUeurdIJFnHo6I8myh6lIq,Lumikot ja kulttuuri.mp4 | Lumikot ja kulttuuri.mp4Video,https://drive.google.com/file/d/1avgqXrfY4mJUeurdIJFnHo6I8myh6lIq/view?usp=drivesdk | https://drive.google.com/file/d/1avgqXrfY4mJUeurdIJFnHo6I8myh6lIq/view?usp=drivesdk,video | preentation
22 kultturin sanasto|preentation,2.2. kultturin sanasto.pngImage,145Bb7kVxyknKmfMchgmnDaH9Z5gMbaa4,2,145Bb7kVxyknKmfMchgmnDaH9Z5gMbaa4 | 145Bb7kVxyknKmfMchgmnDaH9Z5gMbaa4,2.2. kultturin sanasto.png | 2.2. kultturin sanasto.pngImage,https://drive.google.com/file/d/145Bb7kVxyknKmfMchgmnDaH9Z5gMbaa4/view?usp=drivesdk | https://drive.google.com/file/d/145Bb7kVxyknKmfMchgmnDaH9Z5gMbaa4/view?usp=drivesdk,preentation
23 vammaisuus oikeudet ja esteettömyys|preentation,2.3. Vammaisuus. Oikeudet ja esteettömyys.pngImage,1rntvpw5ww52342O25UuBcbo6tITCfMfQ,2,1rntvpw5ww52342O25UuBcbo6tITCfMfQ | 1rntvpw5ww52342O25UuBcbo6tITCfMfQ,2.3. Vammaisuus. Oikeudet ja esteettömyys.png | 2.3. Vammaisuus. Oikeudet ja esteettömyys.pngImage,https://drive.google.com/file/d/1rntvpw5ww52342O25UuBcbo6tITCfMfQ/view?usp=drivesdk | https://drive.google.com/file/d/1rntvpw5ww52342O25UuBcbo6tITCfMfQ/view?usp=drivesdk,preentation
"va-partisiippi class|pdf,preentation",vA-partisiippi CLASS.pdf,1WU_H69zigANAnDCBt8OLzRUgVUKMUJ-z,2,1WU_H69zigANAnDCBt8OLzRUgVUKMUJ-z | 1WU_H69zigANAnDCBt8OLzRUgVUKMUJ-z,vA-partisiippi CLASS.pdf | vA-partisiippi CLASS.pdfPDF,https://drive.google.com/file/d/1WU_H69zigANAnDCBt8OLzRUgVUKMUJ-z/view?usp=drivesdk | https://drive.google.com/file/d/1WU_H69zigANAnDCBt8OLzRUgVUKMUJ-z/view?usp=drivesdk,pdf | preentation
31 palkat ja verot sanasto|preentation,3.1. Palkat ja verot sanasto.pngImage,1YQh2yp6IldcDlOGJfDDmbPWeK3WBdSng,2,1YQh2yp6IldcDlOGJfDDmbPWeK3WBdSng | 1YQh2yp6IldcDlOGJfDDmbPWeK3WBdSng,3.1. Palkat ja verot sanasto.png | 3.1. Palkat ja verot sanasto.pngImage,https://drive.google.com/file/d/1YQh2yp6IldcDlOGJfDDmbPWeK3WBdSng/view?usp=drivesdk | https://drive.google.com/file/d/1YQh2yp6IldcDlOGJfDDmbPWeK3WBdSng/view?usp=drivesdk,preentation
"lumikot harrastaa|preentation,video",Lumikot harrastaa.mp4,1u90SDRDYx5dmhvuqbjhMwBvSlEMIXccF,2,1u90SDRDYx5dmhvuqbjhMwBvSlEMIXccF | 1u90SDRDYx5dmhvuqbjhMwBvSlEMIXccF,Lumikot harrastaa.mp4 | Lumikot harrastaa.mp4Video,https://drive.google.com/file/d/1u90SDRDYx5dmhvuqbjhMwBvSlEMIXccF/view?usp=drivesdk | https://drive.google.com/file/d/1u90SDRDYx5dmhvuqbjhMwBvSlEMIXccF/view?usp=drivesdk,video | preentation
"267_13 apuvälineet|pdf,preentation",26.7._1.3 Apuvälineet.pdf,10x6Is4bo-FLTeLS6xvVxzt2mbyD5U1Z3,2,10x6Is4bo-FLTeLS6xvVxzt2mbyD5U1Z3 | 10x6Is4bo-FLTeLS6xvVxzt2mbyD5U1Z3,26.7._1.3 Apuvälineet.pdf | 26.7._1.3 Apuvälineet.pdfPDF,https://drive.google.com/file/d/10x6Is4bo-FLTeLS6xvVxzt2mbyD5U1Z3/view?usp=drivesdk | https://drive.google.com/file/d/10x6Is4bo-FLTeLS6xvVxzt2mbyD5U1Z3/view?usp=drivesdk,pdf | preentation
"267_13 apuvälineet|preentation,video",26.7._1.3. Apuvälineet.mp4,1NWkBKKi396qH-QbTpYzoxntpBAcb8DbU,2,1NWkBKKi396qH-QbTpYzoxntpBAcb8DbU | 1NWkBKKi396qH-QbTpYzoxntpBAcb8DbU,26.7._1.3. Apuvälineet.mp4 | 26.7._1.3. Apuvälineet.mp4Video,https://drive.google.com/file/d/1NWkBKKi396qH-QbTpYzoxntpBAcb8DbU/view?usp=drivesdk | https://drive.google.com/file/d/1NWkBKKi396qH-QbTpYzoxntpBAcb8DbU/view?usp=drivesdk,video | preentation
"257_12 asumisen ongelmat|preentation,video",25.7._1.2. Asumisen ongelmat.mp4,1bhhiM_VNIiMH9srTqvXYqS-G95zAX-7_,2,1bhhiM_VNIiMH9srTqvXYqS-G95zAX-7_ | 1bhhiM_VNIiMH9srTqvXYqS-G95zAX-7_,25.7._1.2. Asumisen ongelmat.mp4 | 25.7._1.2. Asumisen ongelmat.mp4Video,https://drive.google.com/file/d/1bhhiM_VNIiMH9srTqvXYqS-G95zAX-7_/view?usp=drivesdk | https://drive.google.com/file/d/1bhhiM_VNIiMH9srTqvXYqS-G95zAX-7_/view?usp=drivesdk,video | preentation
"257_12 asumisen ongelmatdocx|pdf,preentation",25.7._1.2. Asumisen ongelmat.docx.pdf,1r0N_3wArj3th5k9tuHWQmLa89rDoTv66,2,1r0N_3wArj3th5k9tuHWQmLa89rDoTv66 | 1r0N_3wArj3th5k9tuHWQmLa89rDoTv66,25.7._1.2. Asumisen ongelmat.docx.pdf | 25.7._1.2. Asumisen ongelmat.docx.pdfPDF,https://drive.google.com/file/d/1r0N_3wArj3th5k9tuHWQmLa89rDoTv66/view?usp=drivesdk | https://drive.google.com/file/d/1r0N_3wArj3th5k9tuHWQmLa89rDoTv66/view?usp=drivesdk,pdf | preentation
"lumikot koti ja asuminen|preentation,video",Lumikot koti ja asuminen.mp4,1ZEutQwxHi0SfR3glxzoQqzqND5FspvW6,2,1ZEutQwxHi0SfR3glxzoQqzqND5FspvW6 | 1ZEutQwxHi0SfR3glxzoQqzqND5FspvW6,Lumikot koti ja asuminen.mp4 | Lumikot koti ja asuminen.mp4Video,https://drive.google.com/file/d/1ZEutQwxHi0SfR3glxzoQqzqND5FspvW6/view?usp=drivesdk | https://drive.google.com/file/d/1ZEutQwxHi0SfR3glxzoQqzqND5FspvW6/view?usp=drivesdk,video | preentation
harrastukset_sanasto|preentation,harrastukset_sanasto.PNGImage,1ecarbBRp7yDl0K3VIZvad_UIM10_VzT3,2,1ecarbBRp7yDl0K3VIZvad_UIM10_VzT3 | 1ecarbBRp7yDl0K3VIZvad_UIM10_VzT3,harrastukset_sanasto.PNG | harrastukset_sanasto.PNGImage,https://drive.google.com/file/d/1ecarbBRp7yDl0K3VIZvad_UIM10_VzT3/view?usp=drivesdk | https://drive.google.com/file/d/1ecarbBRp7yDl0K3VIZvad_UIM10_VzT3/view?usp=drivesdk,preentation
"a2 06 raha - google docs|google doc?,pdf,preentation",A2 06 Raha - Google Docs.pdf,18P_b7oIAFpkmxZkQxAOls2kU-vxMcj6Q,2,18P_b7oIAFpkmxZkQxAOls2kU-vxMcj6Q | 18P_b7oIAFpkmxZkQxAOls2kU-vxMcj6Q,A2 06 Raha - Google Docs.pdf | A2 06 Raha - Google Docs.pdfPDF,https://drive.google.com/file/d/18P_b7oIAFpkmxZkQxAOls2kU-vxMcj6Q/view?usp=drivesdk | https://drive.google.com/file/d/18P_b7oIAFpkmxZkQxAOls2kU-vxMcj6Q/view?usp=drivesdk,pdf | google doc? | preentation
"14 minen-muoto|pdf,preentation",1.4. minen-muoto.pdf,1xxlBnS5rbd3skCLub6niD3HlHvn0qubA,2,1xxlBnS5rbd3skCLub6niD3HlHvn0qubA | 1xxlBnS5rbd3skCLub6niD3HlHvn0qubA,1.4. minen-muoto.pdf | 1.4. minen-muoto.pdfPDF,https://drive.google.com/file/d/1xxlBnS5rbd3skCLub6niD3HlHvn0qubA/view?usp=drivesdk | https://drive.google.com/file/d/1xxlBnS5rbd3skCLub6niD3HlHvn0qubA/view?usp=drivesdk,pdf | preentation
"minen lumikot|preentation,video","minen, lumikot.mp4",11EZlWQNKZV3o3WsrlPLuD5NEpCKQDkbr,2,11EZlWQNKZV3o3WsrlPLuD5NEpCKQDkbr | 11EZlWQNKZV3o3WsrlPLuD5NEpCKQDkbr,"minen, lumikot.mp4 | minen, lumikot.mp4Video",https://drive.google.com/file/d/11EZlWQNKZV3o3WsrlPLuD5NEpCKQDkbr/view?usp=drivesdk | https://drive.google.com/file/d/11EZlWQNKZV3o3WsrlPLuD5NEpCKQDkbr/view?usp=drivesdk,video | preentation
"mod 6-7 orientaatio lumikot|preentation,video","mod 6-7 orientaatio, lumikot.mp4",1u0mD1SoToVwtlv80sILD_rIsFj-kKCXF,2,1u0mD1SoToVwtlv80sILD_rIsFj-kKCXF | 1u0mD1SoToVwtlv80sILD_rIsFj-kKCXF,"mod 6-7 orientaatio, lumikot.mp4 | mod 6-7 orientaatio, lumikot.mp4Video",https://drive.google.com/file/d/1u0mD1SoToVwtlv80sILD_rIsFj-kKCXF/view?usp=drivesdk | https://drive.google.com/file/d/1u0mD1SoToVwtlv80sILD_rIsFj-kKCXF/view?usp=drivesdk,video | preentation
"uusi puhetestin teemat|pdf,preentation",UUSI! Puhetestin teemat.pdf,1lnt9cgcsSBFNN0nGEXSbYHheusvmWPdq,2,1lnt9cgcsSBFNN0nGEXSbYHheusvmWPdq | 1lnt9cgcsSBFNN0nGEXSbYHheusvmWPdq,UUSI! Puhetestin teemat.pdf | UUSI! Puhetestin teemat.pdfPDF,https://drive.google.com/file/d/1lnt9cgcsSBFNN0nGEXSbYHheusvmWPdq/view?usp=drivesdk | https://drive.google.com/file/d/1lnt9cgcsSBFNN0nGEXSbYHheusvmWPdq/view?usp=drivesdk,pdf | preentation
lumikotm5|preentation,lumikotm5.PNGImage,1Ybje7YHJIf_8UDKepQkJUmiO8D_ihuZz,2,1Ybje7YHJIf_8UDKepQkJUmiO8D_ihuZz | 1Ybje7YHJIf_8UDKepQkJUmiO8D_ihuZz,lumikotm5.PNG | lumikotm5.PNGImage,https://drive.google.com/file/d/1Ybje7YHJIf_8UDKepQkJUmiO8D_ihuZz/view?usp=drivesdk | https://drive.google.com/file/d/1Ybje7YHJIf_8UDKepQkJUmiO8D_ihuZz/view?usp=drivesdk,preentation
"14 minenclasspptx|pdf,preentation",1.4 minen.CLASS.pptx.pdf,1iqVXHaav-hKzuiAdF0pdu8W9s_oK0p_m,2,1iqVXHaav-hKzuiAdF0pdu8W9s_oK0p_m | 1iqVXHaav-hKzuiAdF0pdu8W9s_oK0p_m,1.4 minen.CLASS.pptx.pdf | 1.4 minen.CLASS.pptx.pdfPDF,https://drive.google.com/file/d/1iqVXHaav-hKzuiAdF0pdu8W9s_oK0p_m/view?usp=drivesdk | https://drive.google.com/file/d/1iqVXHaav-hKzuiAdF0pdu8W9s_oK0p_m/view?usp=drivesdk,pdf | preentation
"137 lumikot työ ja yhteiskunta|pdf,preentation",13.7. Lumikot Työ ja yhteiskunta.pdf,1mYcW9oLtpxXKLRW_HSIuFVTmULyrqOQi,2,1mYcW9oLtpxXKLRW_HSIuFVTmULyrqOQi | 1mYcW9oLtpxXKLRW_HSIuFVTmULyrqOQi,13.7. Lumikot Työ ja yhteiskunta.pdf | 13.7. Lumikot Työ ja yhteiskunta.pdfPDF,https://drive.google.com/file/d/1mYcW9oLtpxXKLRW_HSIuFVTmULyrqOQi/view?usp=drivesdk | https://drive.google.com/file/d/1mYcW9oLtpxXKLRW_HSIuFVTmULyrqOQi/view?usp=drivesdk,pdf | preentation
"gmt20230713-073316_recording_1920x1020|preentation,video",GMT20230713-073316_Recording_1920x1020.mp4,17CI-iOZnqXqHSMSnLvQlCbxgqOAvI6by,2,17CI-iOZnqXqHSMSnLvQlCbxgqOAvI6by | 17CI-iOZnqXqHSMSnLvQlCbxgqOAvI6by,GMT20230713-073316_Recording_1920x1020.mp4 | GMT20230713-073316_Recording_1920x1020.mp4Video,https://drive.google.com/file/d/17CI-iOZnqXqHSMSnLvQlCbxgqOAvI6by/view?usp=drivesdk | https://drive.google.com/file/d/17CI-iOZnqXqHSMSnLvQlCbxgqOAvI6by/view?usp=drivesdk,video | preentation
"yhteiskunta yhdistetty ope 1|pdf,preentation",yhteiskunta Yhdistetty ope (1).pdf,1AMlzF43aHF9mMVPjN72xU44v5VlhNSeK,2,1AMlzF43aHF9mMVPjN72xU44v5VlhNSeK | 1AMlzF43aHF9mMVPjN72xU44v5VlhNSeK,yhteiskunta Yhdistetty ope (1).pdf | yhteiskunta Yhdistetty ope (1).pdfPDF,https://drive.google.com/file/d/1AMlzF43aHF9mMVPjN72xU44v5VlhNSeK/view?usp=drivesdk | https://drive.google.com/file/d/1AMlzF43aHF9mMVPjN72xU44v5VlhNSeK/view?usp=drivesdk,pdf | preentation
"suomi teksti ja kysymykset|pdf,preentation",suomi teksti ja kysymykset.pdf,1TAfq3ErWzMGbMAUfVCq9kUWfZxQidmJJ,2,1TAfq3ErWzMGbMAUfVCq9kUWfZxQidmJJ | 1TAfq3ErWzMGbMAUfVCq9kUWfZxQidmJJ,suomi teksti ja kysymykset.pdf | suomi teksti ja kysymykset.pdfPDF,https://drive.google.com/file/d/1TAfq3ErWzMGbMAUfVCq9kUWfZxQidmJJ/view?usp=drivesdk | https://drive.google.com/file/d/1TAfq3ErWzMGbMAUfVCq9kUWfZxQidmJJ/view?usp=drivesdk,pdf | preentation
"yhteiskunta lumikot|preentation,video","yhteiskunta, lumikot.mp4",1EeVI7nhMv8GiTnkIPos7XL7IhB7wbyKo,2,1EeVI7nhMv8GiTnkIPos7XL7IhB7wbyKo | 1EeVI7nhMv8GiTnkIPos7XL7IhB7wbyKo,"yhteiskunta, lumikot.mp4 | yhteiskunta, lumikot.mp4Video",https://drive.google.com/file/d/1EeVI7nhMv8GiTnkIPos7XL7IhB7wbyKo/view?usp=drivesdk | https://drive.google.com/file/d/1EeVI7nhMv8GiTnkIPos7XL7IhB7wbyKo/view?usp=drivesdk,video | preentation
"marjan työpäivä 1|pdf,preentation",marjan työpäivä (1).pdf,1XrMDh1HKVWuOUzTAORI23yIufEAOP5qu,2,1XrMDh1HKVWuOUzTAORI23yIufEAOP5qu | 1XrMDh1HKVWuOUzTAORI23yIufEAOP5qu,marjan työpäivä (1).pdf | marjan työpäivä (1).pdfPDF,https://drive.google.com/file/d/1XrMDh1HKVWuOUzTAORI23yIufEAOP5qu/view?usp=drivesdk | https://drive.google.com/file/d/1XrMDh1HKVWuOUzTAORI23yIufEAOP5qu/view?usp=drivesdk,pdf | preentation
"muistiinpanot lumikot 117|pdf,preentation",Muistiinpanot Lumikot 11.7..pdf,14G7K6kM1k9ZcPg9iGs9ASkqZ78dW_Ahd,2,14G7K6kM1k9ZcPg9iGs9ASkqZ78dW_Ahd | 14G7K6kM1k9ZcPg9iGs9ASkqZ78dW_Ahd,Muistiinpanot Lumikot 11.7..pdf | Muistiinpanot Lumikot 11.7..pdfPDF,https://drive.google.com/file/d/14G7K6kM1k9ZcPg9iGs9ASkqZ78dW_Ahd/view?usp=drivesdk | https://drive.google.com/file/d/14G7K6kM1k9ZcPg9iGs9ASkqZ78dW_Ahd/view?usp=drivesdk,pdf | preentation
"117 lumikot 65 työ ja opiskelu yhdistetty opepptx|pdf,preentation",11.7. Lumikot 65 Työ ja opiskelu yhdistetty Ope.pptx.pdf,1AXUoR1D_RnbHQnRPjW-8TQm7ss_NhOXY,2,1AXUoR1D_RnbHQnRPjW-8TQm7ss_NhOXY | 1AXUoR1D_RnbHQnRPjW-8TQm7ss_NhOXY,11.7. Lumikot 65 Työ ja opiskelu yhdistetty Ope.pptx.pdf | 11.7. Lumikot 65 Työ ja opiskelu yhdistetty Ope.pptx.pdfPDF,https://drive.google.com/file/d/1AXUoR1D_RnbHQnRPjW-8TQm7ss_NhOXY/view?usp=drivesdk | https://drive.google.com/file/d/1AXUoR1D_RnbHQnRPjW-8TQm7ss_NhOXY/view?usp=drivesdk,pdf | preentation
"gmt20230711-060218_recording_1920x1020|preentation,video",GMT20230711-060218_Recording_1920x1020.mp4,1JWL6fYmnscJcZD4Gl2_sh_XqXawEG3yS,2,1JWL6fYmnscJcZD4Gl2_sh_XqXawEG3yS | 1JWL6fYmnscJcZD4Gl2_sh_XqXawEG3yS,GMT20230711-060218_Recording_1920x1020.mp4 | GMT20230711-060218_Recording_1920x1020.mp4Video,https://drive.google.com/file/d/1JWL6fYmnscJcZD4Gl2_sh_XqXawEG3yS/view?usp=drivesdk | https://drive.google.com/file/d/1JWL6fYmnscJcZD4Gl2_sh_XqXawEG3yS/view?usp=drivesdk,video | preentation
"luento64terveys3 ope|pdf,preentation",Luento64terveys3 Ope.pdf,10qAhL1w2d7Lxei-z0BDCqD_hacjHhK69,2,10qAhL1w2d7Lxei-z0BDCqD_hacjHhK69 | 10qAhL1w2d7Lxei-z0BDCqD_hacjHhK69,Luento64terveys3 Ope.pdf | Luento64terveys3 Ope.pdfPDF,https://drive.google.com/file/d/10qAhL1w2d7Lxei-z0BDCqD_hacjHhK69/view?usp=drivesdk | https://drive.google.com/file/d/10qAhL1w2d7Lxei-z0BDCqD_hacjHhK69/view?usp=drivesdk,pdf | preentation
"terveys3 lumikot|preentation,video","terveys3, lumikot.mp4",1ZHL-xWnvafujDhUv2MdrwQKLaYCYWbU5,2,1ZHL-xWnvafujDhUv2MdrwQKLaYCYWbU5 | 1ZHL-xWnvafujDhUv2MdrwQKLaYCYWbU5,"terveys3, lumikot.mp4 | terveys3, lumikot.mp4Video",https://drive.google.com/file/d/1ZHL-xWnvafujDhUv2MdrwQKLaYCYWbU5/view?usp=drivesdk | https://drive.google.com/file/d/1ZHL-xWnvafujDhUv2MdrwQKLaYCYWbU5/view?usp=drivesdk,video | preentation
httpsdocsgooglecomspreadsheetsd1rt6u251are1rd9ndiaybmjrbo8eq6tastea4s9e4zpoedituspsharing|preadheet,https://docs.google.com/spreadsheets/d/1RT6u251ArE1RD9ndIAYBMjRbo8eQ6TasTeA4s9e4zpo/edit?usp=sharing,1RT6u251ArE1RD9ndIAYBMjRbo8eQ6TasTeA4s9e4zpo,3,1RT6u251ArE1RD9ndIAYBMjRbo8eQ6TasTeA4s9e4zpo | 1RT6u251ArE1RD9ndIAYBMjRbo8eQ6TasTeA4s9e4zpo | 1RT6u251ArE1RD9ndIAYBMjRbo8eQ6TasTeA4s9e4zpo,https://docs.google.com/spreadsheets/d/1RT6u251ArE1RD9ndIAYBMjRbo8eQ6TasTeA4s9e4zpo/edit?usp=sharing | https://docs.google.com/spreadsheets/d/1RT6u251ArE1RD9ndIAYBMjRbo8eQ6TasTeA4s9e4zpo/edit?usp=sharing | https://docs.google.com/spreadsheets/d/1RT6u251ArE1RD9ndIAYBMjRbo8eQ6TasTeA4s9e4zpo/edit?usp=sharing,https://docs.google.com/spreadsheets/d/1RT6u251ArE1RD9ndIAYBMjRbo8eQ6TasTeA4s9e4zpo/edit?usp=sharing | https://docs.google.com/spreadsheets/d/1RT6u251ArE1RD9ndIAYBMjRbo8eQ6TasTeA4s9e4zpo/edit?usp=sharing | https://docs.google.com/spreadsheets/d/1RT6u251ArE1RD9ndIAYBMjRbo8eQ6TasTeA4s9e4zpo/edit?usp=sharing,preadheet
"luentodiat terveys class|pdf,preentation",LUENTODIAT Terveys CLASS.pdf,1lUSfeO2iJ5rgqQ0YaVrRhBKwLZK7-sxQ,2,1lUSfeO2iJ5rgqQ0YaVrRhBKwLZK7-sxQ | 1lUSfeO2iJ5rgqQ0YaVrRhBKwLZK7-sxQ,LUENTODIAT Terveys CLASS.pdf | LUENTODIAT Terveys CLASS.pdfPDF,https://drive.google.com/file/d/1lUSfeO2iJ5rgqQ0YaVrRhBKwLZK7-sxQ/view?usp=drivesdk | https://drive.google.com/file/d/1lUSfeO2iJ5rgqQ0YaVrRhBKwLZK7-sxQ/view?usp=drivesdk,pdf | preentation
"65 ja 66 työ ja opiskelu class|pdf,preentation",65 ja 66 Työ ja opiskelu CLASS.pdf,13el2jU5ao2JnUvhy5mmGwVhROllR_sGI,2,13el2jU5ao2JnUvhy5mmGwVhROllR_sGI | 13el2jU5ao2JnUvhy5mmGwVhROllR_sGI,65 ja 66 Työ ja opiskelu CLASS.pdf | 65 ja 66 Työ ja opiskelu CLASS.pdfPDF,https://drive.google.com/file/d/13el2jU5ao2JnUvhy5mmGwVhROllR_sGI/view?usp=drivesdk | https://drive.google.com/file/d/13el2jU5ao2JnUvhy5mmGwVhROllR_sGI/view?usp=drivesdk,pdf | preentation
"yhteiskunta class 1|pdf,preentation",yhteiskunta CLASS (1).pdf,1j4t8pwutYhOAI7qS_vEcF8AhP4crwoN0,2,1j4t8pwutYhOAI7qS_vEcF8AhP4crwoN0 | 1j4t8pwutYhOAI7qS_vEcF8AhP4crwoN0,yhteiskunta CLASS (1).pdf | yhteiskunta CLASS (1).pdfPDF,https://drive.google.com/file/d/1j4t8pwutYhOAI7qS_vEcF8AhP4crwoN0/view?usp=drivesdk | https://drive.google.com/file/d/1j4t8pwutYhOAI7qS_vEcF8AhP4crwoN0/view?usp=drivesdk,pdf | preentation
"spoken 20v2 incl spoken suomi-fiilis - google docs|google doc?,pdf,preentation",SPOKEN 20v2 incl. Spoken Suomi-fiilis - Google Docs.pdf,1E6VUDKWi4nkMNG3O5VHHhP7Od2cGDEyn,2,1E6VUDKWi4nkMNG3O5VHHhP7Od2cGDEyn | 1E6VUDKWi4nkMNG3O5VHHhP7Od2cGDEyn,SPOKEN 20v2 incl. Spoken Suomi-fiilis - Google Docs.pdf | SPOKEN 20v2 incl. Spoken Suomi-fiilis - Google Docs.pdfPDF,https://drive.google.com/file/d/1E6VUDKWi4nkMNG3O5VHHhP7Od2cGDEyn/view?usp=drivesdk | https://drive.google.com/file/d/1E6VUDKWi4nkMNG3O5VHHhP7Od2cGDEyn/view?usp=drivesdk,pdf | google doc? | preentation
"luento63terveys2 ope|pdf,preentation",Luento63terveys2 Ope.pdf,1ER-xafSNGm4ZF4I6KhWPFu61lS3WqpBT,2,1ER-xafSNGm4ZF4I6KhWPFu61lS3WqpBT | 1ER-xafSNGm4ZF4I6KhWPFu61lS3WqpBT,Luento63terveys2 Ope.pdf | Luento63terveys2 Ope.pdfPDF,https://drive.google.com/file/d/1ER-xafSNGm4ZF4I6KhWPFu61lS3WqpBT/view?usp=drivesdk | https://drive.google.com/file/d/1ER-xafSNGm4ZF4I6KhWPFu61lS3WqpBT/view?usp=drivesdk,pdf | preentation
"terveys 2 lumikot|preentation,video","terveys 2, lumikot.mp4",1gZYUwleztr9pb0sDHZCIVMm7ZqbvVYHg,2,1gZYUwleztr9pb0sDHZCIVMm7ZqbvVYHg | 1gZYUwleztr9pb0sDHZCIVMm7ZqbvVYHg,"terveys 2, lumikot.mp4 | terveys 2, lumikot.mp4Video",https://drive.google.com/file/d/1gZYUwleztr9pb0sDHZCIVMm7ZqbvVYHg/view?usp=drivesdk | https://drive.google.com/file/d/1gZYUwleztr9pb0sDHZCIVMm7ZqbvVYHg/view?usp=drivesdk,video | preentation
"luento62terveys1ope 2|pdf,preentation",Luento62terveys1.Ope (2).pdf,1q_Rf2dmyOU55kCJb_KtWScq4jDwzmV8o,2,1q_Rf2dmyOU55kCJb_KtWScq4jDwzmV8o | 1q_Rf2dmyOU55kCJb_KtWScq4jDwzmV8o,Luento62terveys1.Ope (2).pdf | Luento62terveys1.Ope (2).pdfPDF,https://drive.google.com/file/d/1q_Rf2dmyOU55kCJb_KtWScq4jDwzmV8o/view?usp=drivesdk | https://drive.google.com/file/d/1q_Rf2dmyOU55kCJb_KtWScq4jDwzmV8o/view?usp=drivesdk,pdf | preentation
"terveys 1 lumikot|preentation,video","terveys 1, lumikot.mp4",1B9RaIA6MUCU1qLrJ3wFxpWpw4k3481tF,2,1B9RaIA6MUCU1qLrJ3wFxpWpw4k3481tF | 1B9RaIA6MUCU1qLrJ3wFxpWpw4k3481tF,"terveys 1, lumikot.mp4 | terveys 1, lumikot.mp4Video",https://drive.google.com/file/d/1B9RaIA6MUCU1qLrJ3wFxpWpw4k3481tF/view?usp=drivesdk | https://drive.google.com/file/d/1B9RaIA6MUCU1qLrJ3wFxpWpw4k3481tF/view?usp=drivesdk,video | preentation
"spoken_ luonto ja terveys|pdf,preentation",Spoken_ Luonto ja terveys.pdf,1FMdhdBT1gtkt90AfLPuveioT-1uaUQsf,2,1FMdhdBT1gtkt90AfLPuveioT-1uaUQsf | 1FMdhdBT1gtkt90AfLPuveioT-1uaUQsf,Spoken_ Luonto ja terveys.pdf | Spoken_ Luonto ja terveys.pdfPDF,https://drive.google.com/file/d/1FMdhdBT1gtkt90AfLPuveioT-1uaUQsf/view?usp=drivesdk | https://drive.google.com/file/d/1FMdhdBT1gtkt90AfLPuveioT-1uaUQsf/view?usp=drivesdk,pdf | preentation
"spoken_ luonto ja terveys - muistiinpanot 47|pdf,preentation",Spoken_ luonto ja terveys - muistiinpanot 4.7..pdf,17C9-AWmJ_ebinku8dDNWDPYPJtSoZEFO,2,17C9-AWmJ_ebinku8dDNWDPYPJtSoZEFO | 17C9-AWmJ_ebinku8dDNWDPYPJtSoZEFO,Spoken_ luonto ja terveys - muistiinpanot 4.7..pdf | Spoken_ luonto ja terveys - muistiinpanot 4.7..pdfPDF,https://drive.google.com/file/d/17C9-AWmJ_ebinku8dDNWDPYPJtSoZEFO/view?usp=drivesdk | https://drive.google.com/file/d/17C9-AWmJ_ebinku8dDNWDPYPJtSoZEFO/view?usp=drivesdk,pdf | preentation
"video1086585802|preentation,video",video1086585802.mp4,1suhufjL__7cBuywtnksuTdXgcHqzKChQ,2,1suhufjL__7cBuywtnksuTdXgcHqzKChQ | 1suhufjL__7cBuywtnksuTdXgcHqzKChQ,video1086585802.mp4 | video1086585802.mp4Video,https://drive.google.com/file/d/1suhufjL__7cBuywtnksuTdXgcHqzKChQ/view?usp=drivesdk | https://drive.google.com/file/d/1suhufjL__7cBuywtnksuTdXgcHqzKChQ/view?usp=drivesdk,video | preentation
"4matkustaminen|pdf,preentation",4.matkustaminen.pdf,1B4WQ9Y35bW6lkjNZw7vRsNfQ8oMJA4fB,2,1B4WQ9Y35bW6lkjNZw7vRsNfQ8oMJA4fB | 1B4WQ9Y35bW6lkjNZw7vRsNfQ8oMJA4fB,4.matkustaminen.pdf | 4.matkustaminen.pdfPDF,https://drive.google.com/file/d/1B4WQ9Y35bW6lkjNZw7vRsNfQ8oMJA4fB/view?usp=drivesdk | https://drive.google.com/file/d/1B4WQ9Y35bW6lkjNZw7vRsNfQ8oMJA4fB/view?usp=drivesdk,pdf | preentation
"3matkustaminen|pdf,preentation",3.matkustaminen.pdf,1PFlsID68z_lEFAmkKzNfltACYdHRLJzL,2,1PFlsID68z_lEFAmkKzNfltACYdHRLJzL | 1PFlsID68z_lEFAmkKzNfltACYdHRLJzL,3.matkustaminen.pdf | 3.matkustaminen.pdfPDF,https://drive.google.com/file/d/1PFlsID68z_lEFAmkKzNfltACYdHRLJzL/view?usp=drivesdk | https://drive.google.com/file/d/1PFlsID68z_lEFAmkKzNfltACYdHRLJzL/view?usp=drivesdk,pdf | preentation
"2matkustaminen|pdf,preentation",2.matkustaminen.pdf,16qO_Zc2FxwLcXZBk_Ev9Ya4m2SR2tRmv,2,16qO_Zc2FxwLcXZBk_Ev9Ya4m2SR2tRmv | 16qO_Zc2FxwLcXZBk_Ev9Ya4m2SR2tRmv,2.matkustaminen.pdf | 2.matkustaminen.pdfPDF,https://drive.google.com/file/d/16qO_Zc2FxwLcXZBk_Ev9Ya4m2SR2tRmv/view?usp=drivesdk | https://drive.google.com/file/d/16qO_Zc2FxwLcXZBk_Ev9Ya4m2SR2tRmv/view?usp=drivesdk,pdf | preentation
"1matkustaminen|pdf,preentation",1.matkustaminen.pdf,1xUyVzulNHa9MgYSolw7FsQRI3pUo2-JQ,2,1xUyVzulNHa9MgYSolw7FsQRI3pUo2-JQ | 1xUyVzulNHa9MgYSolw7FsQRI3pUo2-JQ,1.matkustaminen.pdf | 1.matkustaminen.pdfPDF,https://drive.google.com/file/d/1xUyVzulNHa9MgYSolw7FsQRI3pUo2-JQ/view?usp=drivesdk | https://drive.google.com/file/d/1xUyVzulNHa9MgYSolw7FsQRI3pUo2-JQ/view?usp=drivesdk,pdf | preentation
"luento59vapaa-aika2 ope|pdf,preentation",Luento59vapaa-aika2 Ope.pdf,1Nc8dBpyvgTWDkQY47Ijzgwr0fQN_gzkG,2,1Nc8dBpyvgTWDkQY47Ijzgwr0fQN_gzkG | 1Nc8dBpyvgTWDkQY47Ijzgwr0fQN_gzkG,Luento59vapaa-aika2 Ope.pdf | Luento59vapaa-aika2 Ope.pdfPDF,https://drive.google.com/file/d/1Nc8dBpyvgTWDkQY47Ijzgwr0fQN_gzkG/view?usp=drivesdk | https://drive.google.com/file/d/1Nc8dBpyvgTWDkQY47Ijzgwr0fQN_gzkG/view?usp=drivesdk,pdf | preentation
"muistiinpanot luento 59 372023|pdf,preentation","Muistiinpanot luento 59, 3.7.2023.pdf",1xtqhoiDuKfkrcVZEpuwe1vCIzKlcGZze,2,1xtqhoiDuKfkrcVZEpuwe1vCIzKlcGZze | 1xtqhoiDuKfkrcVZEpuwe1vCIzKlcGZze,"Muistiinpanot luento 59, 3.7.2023.pdf | Muistiinpanot luento 59, 3.7.2023.pdfPDF",https://drive.google.com/file/d/1xtqhoiDuKfkrcVZEpuwe1vCIzKlcGZze/view?usp=drivesdk | https://drive.google.com/file/d/1xtqhoiDuKfkrcVZEpuwe1vCIzKlcGZze/view?usp=drivesdk,pdf | preentation
75 päivää kk-talviloma lähestyy|preentation,75. päivää kk-talviloma lähestyy.mp3Audio,1T8SBwtf6lfMtD5Akoe5oAdkdsVlPTrtl,2,1T8SBwtf6lfMtD5Akoe5oAdkdsVlPTrtl | 1T8SBwtf6lfMtD5Akoe5oAdkdsVlPTrtl,75. päivää kk-talviloma lähestyy.mp3 | 75. päivää kk-talviloma lähestyy.mp3Audio,https://drive.google.com/file/d/1T8SBwtf6lfMtD5Akoe5oAdkdsVlPTrtl/view?usp=drivesdk | https://drive.google.com/file/d/1T8SBwtf6lfMtD5Akoe5oAdkdsVlPTrtl/view?usp=drivesdk,preentation
"video1194554313|preentation,video",video1194554313.mp4,18qpEcUkt0SBTgTergcALrjjOHqZ-hIM-,2,18qpEcUkt0SBTgTergcALrjjOHqZ-hIM- | 18qpEcUkt0SBTgTergcALrjjOHqZ-hIM-,video1194554313.mp4 | video1194554313.mp4Video,https://drive.google.com/file/d/18qpEcUkt0SBTgTergcALrjjOHqZ-hIM-/view?usp=drivesdk | https://drive.google.com/file/d/18qpEcUkt0SBTgTergcALrjjOHqZ-hIM-/view?usp=drivesdk,video | preentation
"luennot vapaa-aika cl|pdf,preentation",Luennot Vapaa-aika CL.pdf,1dvm6doDXXdV1HxMYb2fOeIWS5RdzuYuI,4,1dvm6doDXXdV1HxMYb2fOeIWS5RdzuYuI | 1dvm6doDXXdV1HxMYb2fOeIWS5RdzuYuI | 1sOK5GKB_cpjNB2K42J6idy66_XLGNpZT | 1sOK5GKB_cpjNB2K42J6idy66_XLGNpZT,Luennot Vapaa-aika CL.pdf | Luennot Vapaa-aika CL.pdfPDF | Luennot Vapaa-aika CL.pdf | Luennot Vapaa-aika CL.pdfPDF,https://drive.google.com/file/d/1dvm6doDXXdV1HxMYb2fOeIWS5RdzuYuI/view?usp=drivesdk | https://drive.google.com/file/d/1dvm6doDXXdV1HxMYb2fOeIWS5RdzuYuI/view?usp=drivesdk | https://drive.google.com/file/d/1sOK5GKB_cpjNB2K42J6idy66_XLGNpZT/view?usp=drivesdk | https://drive.google.com/file/d/1sOK5GKB_cpjNB2K42J6idy66_XLGNpZT/view?usp=drivesdk,pdf | preentation
"19_ luonto terveys - google docs|google doc?,pdf,preentation",19_ Luonto + terveys - Google Docs.pdf,1RG_CtKUwaL7YAqod44dLSBSVVZPbEPbr,2,1RG_CtKUwaL7YAqod44dLSBSVVZPbEPbr | 1RG_CtKUwaL7YAqod44dLSBSVVZPbEPbr,19_ Luonto + terveys - Google Docs.pdf | 19_ Luonto + terveys - Google Docs.pdfPDF,https://drive.google.com/file/d/1RG_CtKUwaL7YAqod44dLSBSVVZPbEPbr/view?usp=drivesdk | https://drive.google.com/file/d/1RG_CtKUwaL7YAqod44dLSBSVVZPbEPbr/view?usp=drivesdk,pdf | google doc? | preentation
"luonto ja ympäristö yhdistetty|pdf,preentation",Luonto ja ympäristö yhdistetty.pdf,1wR_YDHk4NkWHlS6zlqoeQq4oVDTMxRiU,2,1wR_YDHk4NkWHlS6zlqoeQq4oVDTMxRiU | 1wR_YDHk4NkWHlS6zlqoeQq4oVDTMxRiU,Luonto ja ympäristö yhdistetty.pdf | Luonto ja ympäristö yhdistetty.pdfPDF,https://drive.google.com/file/d/1wR_YDHk4NkWHlS6zlqoeQq4oVDTMxRiU/view?usp=drivesdk | https://drive.google.com/file/d/1wR_YDHk4NkWHlS6zlqoeQq4oVDTMxRiU/view?usp=drivesdk,pdf | preentation
"luentodiat terveys class 1|pdf,preentation",LUENTODIAT Terveys CLASS (1).pdf,1ptMPZATd2_ZtxmwVD4m3SQZmGxnbaXrU,2,1ptMPZATd2_ZtxmwVD4m3SQZmGxnbaXrU | 1ptMPZATd2_ZtxmwVD4m3SQZmGxnbaXrU,LUENTODIAT Terveys CLASS (1).pdf | LUENTODIAT Terveys CLASS (1).pdfPDF,https://drive.google.com/file/d/1ptMPZATd2_ZtxmwVD4m3SQZmGxnbaXrU/view?usp=drivesdk | https://drive.google.com/file/d/1ptMPZATd2_ZtxmwVD4m3SQZmGxnbaXrU/view?usp=drivesdk,pdf | preentation
"luento58vapaa-aika1 ope|pdf,preentation",Luento58vapaa-aika1 Ope.pdf,1oul61lioapVopsYU-3sNpKyYulVkkCsl,2,1oul61lioapVopsYU-3sNpKyYulVkkCsl | 1oul61lioapVopsYU-3sNpKyYulVkkCsl,Luento58vapaa-aika1 Ope.pdf | Luento58vapaa-aika1 Ope.pdfPDF,https://drive.google.com/file/d/1oul61lioapVopsYU-3sNpKyYulVkkCsl/view?usp=drivesdk | https://drive.google.com/file/d/1oul61lioapVopsYU-3sNpKyYulVkkCsl/view?usp=drivesdk,pdf | preentation
"vapaa-aika|pdf,preentation",vapaa-aika.pdf,1jFgi7kNbUc3aUEFmXIdDi7C8lSFprkiM,2,1jFgi7kNbUc3aUEFmXIdDi7C8lSFprkiM | 1jFgi7kNbUc3aUEFmXIdDi7C8lSFprkiM,vapaa-aika.pdf | vapaa-aika.pdfPDF,https://drive.google.com/file/d/1jFgi7kNbUc3aUEFmXIdDi7C8lSFprkiM/view?usp=drivesdk | https://drive.google.com/file/d/1jFgi7kNbUc3aUEFmXIdDi7C8lSFprkiM/view?usp=drivesdk,pdf | preentation
"harrastukset lumikot|preentation,video","harrastukset, lumikot.mp4",11yI1GkXHxBZn2Al_bcmCi2FkT3twx44C,2,11yI1GkXHxBZn2Al_bcmCi2FkT3twx44C | 11yI1GkXHxBZn2Al_bcmCi2FkT3twx44C,"harrastukset, lumikot.mp4 | harrastukset, lumikot.mp4Video",https://drive.google.com/file/d/11yI1GkXHxBZn2Al_bcmCi2FkT3twx44C/view?usp=drivesdk | https://drive.google.com/file/d/11yI1GkXHxBZn2Al_bcmCi2FkT3twx44C/view?usp=drivesdk,video | preentation
"l57 arki 2_ ravintolassa ope|pdf,preentation",L57 Arki 2_ ravintolassa Ope.pdf,1i8kAgpfr51i_uZN_LAnLDPfDWJNy5b-X,2,1i8kAgpfr51i_uZN_LAnLDPfDWJNy5b-X | 1i8kAgpfr51i_uZN_LAnLDPfDWJNy5b-X,L57 Arki 2_ ravintolassa Ope.pdf | L57 Arki 2_ ravintolassa Ope.pdfPDF,https://drive.google.com/file/d/1i8kAgpfr51i_uZN_LAnLDPfDWJNy5b-X/view?usp=drivesdk | https://drive.google.com/file/d/1i8kAgpfr51i_uZN_LAnLDPfDWJNy5b-X/view?usp=drivesdk,pdf | preentation
"l57 kuunteluiden kysymykset|pdf,preentation",L57 kuunteluiden kysymykset.pdf,1Jme5-x-khCEb3T5kpaAlgHxQzLwrRdJ7,2,1Jme5-x-khCEb3T5kpaAlgHxQzLwrRdJ7 | 1Jme5-x-khCEb3T5kpaAlgHxQzLwrRdJ7,L57 kuunteluiden kysymykset.pdf | L57 kuunteluiden kysymykset.pdfPDF,https://drive.google.com/file/d/1Jme5-x-khCEb3T5kpaAlgHxQzLwrRdJ7/view?usp=drivesdk | https://drive.google.com/file/d/1Jme5-x-khCEb3T5kpaAlgHxQzLwrRdJ7/view?usp=drivesdk,pdf | preentation
"l57 open esimerkki|pdf,preentation",L57 open esimerkki.pdf,11F56uHAdPTt2-VAKom6pVbP5wULOI1q6,2,11F56uHAdPTt2-VAKom6pVbP5wULOI1q6 | 11F56uHAdPTt2-VAKom6pVbP5wULOI1q6,L57 open esimerkki.pdf | L57 open esimerkki.pdfPDF,https://drive.google.com/file/d/11F56uHAdPTt2-VAKom6pVbP5wULOI1q6/view?usp=drivesdk | https://drive.google.com/file/d/11F56uHAdPTt2-VAKom6pVbP5wULOI1q6/view?usp=drivesdk,pdf | preentation
"l57 ruokalistat|pdf,preentation",L57 ruokalistat.pdf,1KwB4xJy9KRs4m1BLb3ZBTZruY7tgb-TZ,2,1KwB4xJy9KRs4m1BLb3ZBTZruY7tgb-TZ | 1KwB4xJy9KRs4m1BLb3ZBTZruY7tgb-TZ,L57 ruokalistat.pdf | L57 ruokalistat.pdfPDF,https://drive.google.com/file/d/1KwB4xJy9KRs4m1BLb3ZBTZruY7tgb-TZ/view?usp=drivesdk | https://drive.google.com/file/d/1KwB4xJy9KRs4m1BLb3ZBTZruY7tgb-TZ/view?usp=drivesdk,pdf | preentation
"l56 arki 1_ kaupassa ope|pdf,preentation",L56 Arki 1_ Kaupassa OPE.pdf,1zkRCKeUJa8p-2EpNDe4kb0fyyrcYO8c2,2,1zkRCKeUJa8p-2EpNDe4kb0fyyrcYO8c2 | 1zkRCKeUJa8p-2EpNDe4kb0fyyrcYO8c2,L56 Arki 1_ Kaupassa OPE.pdf | L56 Arki 1_ Kaupassa OPE.pdfPDF,https://drive.google.com/file/d/1zkRCKeUJa8p-2EpNDe4kb0fyyrcYO8c2/view?usp=drivesdk | https://drive.google.com/file/d/1zkRCKeUJa8p-2EpNDe4kb0fyyrcYO8c2/view?usp=drivesdk,pdf | preentation
"l56 imperatiivista konditionaali|pdf,preentation",L56 Imperatiivista konditionaali.pdf,1DuRwAq7F2TCTVDeDfTXnwh0w3mc4CZuN,2,1DuRwAq7F2TCTVDeDfTXnwh0w3mc4CZuN | 1DuRwAq7F2TCTVDeDfTXnwh0w3mc4CZuN,L56 Imperatiivista konditionaali.pdf | L56 Imperatiivista konditionaali.pdfPDF,https://drive.google.com/file/d/1DuRwAq7F2TCTVDeDfTXnwh0w3mc4CZuN/view?usp=drivesdk | https://drive.google.com/file/d/1DuRwAq7F2TCTVDeDfTXnwh0w3mc4CZuN/view?usp=drivesdk,pdf | preentation
"l56 mainoksia|pdf,preentation",L56 mainoksia.pdf,13YJScYear7z5Ac5R_yPnoa_TZXR5stPY,2,13YJScYear7z5Ac5R_yPnoa_TZXR5stPY | 13YJScYear7z5Ac5R_yPnoa_TZXR5stPY,L56 mainoksia.pdf | L56 mainoksia.pdfPDF,https://drive.google.com/file/d/13YJScYear7z5Ac5R_yPnoa_TZXR5stPY/view?usp=drivesdk | https://drive.google.com/file/d/13YJScYear7z5Ac5R_yPnoa_TZXR5stPY/view?usp=drivesdk,pdf | preentation
"l56 ruokakaupassa kysymukset|pdf,preentation",L56 Ruokakaupassa kysymukset.pdf,13wJErf4WxUWmJA5Mt1Hohe7IrUYYYnva,2,13wJErf4WxUWmJA5Mt1Hohe7IrUYYYnva | 13wJErf4WxUWmJA5Mt1Hohe7IrUYYYnva,L56 Ruokakaupassa kysymukset.pdf | L56 Ruokakaupassa kysymukset.pdfPDF,https://drive.google.com/file/d/13wJErf4WxUWmJA5Mt1Hohe7IrUYYYnva/view?usp=drivesdk | https://drive.google.com/file/d/13wJErf4WxUWmJA5Mt1Hohe7IrUYYYnva/view?usp=drivesdk,pdf | preentation
"spoken m5 eka ihminen ja vapaa-aika - google docs|google doc?,pdf,preentation",Spoken (M5 eka) Ihminen ja vapaa-aika - Google Docs.pdf,1snDYdvvN0-B0OTLo1Anl1djlV30OWCW9,2,1snDYdvvN0-B0OTLo1Anl1djlV30OWCW9 | 1snDYdvvN0-B0OTLo1Anl1djlV30OWCW9,Spoken (M5 eka) Ihminen ja vapaa-aika - Google Docs.pdf | Spoken (M5 eka) Ihminen ja vapaa-aika - Google Docs.pdfPDF,https://drive.google.com/file/d/1snDYdvvN0-B0OTLo1Anl1djlV30OWCW9/view?usp=drivesdk | https://drive.google.com/file/d/1snDYdvvN0-B0OTLo1Anl1djlV30OWCW9/view?usp=drivesdk,pdf | google doc? | preentation
"arki ja asiointi kaupassa ja ravintolassa class|pdf,preentation",Arki ja asiointi (Kaupassa ja ravintolassa) CLASS.pdf,1dgjqDIihXUbGXveYOUeNrCX5psDx_BlR,2,1dgjqDIihXUbGXveYOUeNrCX5psDx_BlR | 1dgjqDIihXUbGXveYOUeNrCX5psDx_BlR,Arki ja asiointi (Kaupassa ja ravintolassa) CLASS.pdf | Arki ja asiointi (Kaupassa ja ravintolassa) CLASS.pdfPDF,https://drive.google.com/file/d/1dgjqDIihXUbGXveYOUeNrCX5psDx_BlR/view?usp=drivesdk | https://drive.google.com/file/d/1dgjqDIihXUbGXveYOUeNrCX5psDx_BlR/view?usp=drivesdk,pdf | preentation
"a2 02 perhe|pdf,preentation",A2 02 Perhe.pdf,10UenJLZ6_7MoFyLgjusJenSm1dZ25pHG,2,10UenJLZ6_7MoFyLgjusJenSm1dZ25pHG | 10UenJLZ6_7MoFyLgjusJenSm1dZ25pHG,A2 02 Perhe.pdf | A2 02 Perhe.pdfPDF,https://drive.google.com/file/d/10UenJLZ6_7MoFyLgjusJenSm1dZ25pHG/view?usp=drivesdk | https://drive.google.com/file/d/10UenJLZ6_7MoFyLgjusJenSm1dZ25pHG/view?usp=drivesdk,pdf | preentation
"55 ihminen ja lähipiiri 2|pdf,preentation",55. ihminen ja lähipiiri 2.pdf,1D8-s7Xfzak2DdVKQ4zk_4NfkB74hOTAu,2,1D8-s7Xfzak2DdVKQ4zk_4NfkB74hOTAu | 1D8-s7Xfzak2DdVKQ4zk_4NfkB74hOTAu,55. ihminen ja lähipiiri 2.pdf | 55. ihminen ja lähipiiri 2.pdfPDF,https://drive.google.com/file/d/1D8-s7Xfzak2DdVKQ4zk_4NfkB74hOTAu/view?usp=drivesdk | https://drive.google.com/file/d/1D8-s7Xfzak2DdVKQ4zk_4NfkB74hOTAu/view?usp=drivesdk,pdf | preentation
"ihminen ja lähipiiri lumikot|document,google doc?,preentation","Ihminen ja lähipiiri, lumikot",1ZzhoddkDnTg4c8v1HWwwRfhEGSn0BhXI8uQ2bDx_M3A,2,1ZzhoddkDnTg4c8v1HWwwRfhEGSn0BhXI8uQ2bDx_M3A | 1ZzhoddkDnTg4c8v1HWwwRfhEGSn0BhXI8uQ2bDx_M3A,"Ihminen ja lähipiiri, lumikot | Ihminen ja lähipiiri, lumikot",https://docs.google.com/document/d/1ZzhoddkDnTg4c8v1HWwwRfhEGSn0BhXI8uQ2bDx_M3A/edit?usp=drivesdk | https://docs.google.com/document/d/1ZzhoddkDnTg4c8v1HWwwRfhEGSn0BhXI8uQ2bDx_M3A/edit?usp=drivesdk,google doc? | preentation | document
"ihminen ja lähipiiri lumikot|document,google doc?,google docs,preentation","Ihminen ja lähipiiri, lumikot",1ZzhoddkDnTg4c8v1HWwwRfhEGSn0BhXI8uQ2bDx_M3A,2,1ZzhoddkDnTg4c8v1HWwwRfhEGSn0BhXI8uQ2bDx_M3A | 1ZzhoddkDnTg4c8v1HWwwRfhEGSn0BhXI8uQ2bDx_M3A,"Ihminen ja lähipiiri, lumikotGoogle Docs | Ihminen ja lähipiiri, lumikotGoogle Docs",https://docs.google.com/document/d/1ZzhoddkDnTg4c8v1HWwwRfhEGSn0BhXI8uQ2bDx_M3A/edit?usp=drivesdk | https://docs.google.com/document/d/1ZzhoddkDnTg4c8v1HWwwRfhEGSn0BhXI8uQ2bDx_M3A/edit?usp=drivesdk,google docs | google doc? | preentation | document
"ihminen ja lähipiiri 2 lumikot|preentation,video","ihminen ja lähipiiri 2, lumikot.mp4",1MmcoT8UH5o4s8ky7hMbKLmMUHhJKWk8T,2,1MmcoT8UH5o4s8ky7hMbKLmMUHhJKWk8T | 1MmcoT8UH5o4s8ky7hMbKLmMUHhJKWk8T,"ihminen ja lähipiiri 2, lumikot.mp4 | ihminen ja lähipiiri 2, lumikot.mp4Video",https://drive.google.com/file/d/1MmcoT8UH5o4s8ky7hMbKLmMUHhJKWk8T/view?usp=drivesdk | https://drive.google.com/file/d/1MmcoT8UH5o4s8ky7hMbKLmMUHhJKWk8T/view?usp=drivesdk,video | preentation
"luetaan - google docs|google doc?,pdf,preentation",Luetaan - Google Docs.pdf,1FpSw_VSkUqUnCj16EZAN-Sy8zilDNGka,2,1FpSw_VSkUqUnCj16EZAN-Sy8zilDNGka | 1FpSw_VSkUqUnCj16EZAN-Sy8zilDNGka,Luetaan - Google Docs.pdf | Luetaan - Google Docs.pdfPDF,https://drive.google.com/file/d/1FpSw_VSkUqUnCj16EZAN-Sy8zilDNGka/view?usp=drivesdk | https://drive.google.com/file/d/1FpSw_VSkUqUnCj16EZAN-Sy8zilDNGka/view?usp=drivesdk,pdf | google doc? | preentation
"ihminen ja lähipiiri lumikot|preentation,video","ihminen ja lähipiiri, lumikot.mp4",1Nf-eXqwvmGDelVwXudPFshVYrg3z8yZI,2,1Nf-eXqwvmGDelVwXudPFshVYrg3z8yZI | 1Nf-eXqwvmGDelVwXudPFshVYrg3z8yZI,"ihminen ja lähipiiri, lumikot.mp4 | ihminen ja lähipiiri, lumikot.mp4Video",https://drive.google.com/file/d/1Nf-eXqwvmGDelVwXudPFshVYrg3z8yZI/view?usp=drivesdk | https://drive.google.com/file/d/1Nf-eXqwvmGDelVwXudPFshVYrg3z8yZI/view?usp=drivesdk,video | preentation
"54 ihminen ja lähipiiri 1|pdf,preentation",54. Ihminen ja lähipiiri 1.pdf,1T7XZJbelIq3o4RvOMrdKuJZRFFtt5P0G,2,1T7XZJbelIq3o4RvOMrdKuJZRFFtt5P0G | 1T7XZJbelIq3o4RvOMrdKuJZRFFtt5P0G,54. Ihminen ja lähipiiri 1.pdf | 54. Ihminen ja lähipiiri 1.pdfPDF,https://drive.google.com/file/d/1T7XZJbelIq3o4RvOMrdKuJZRFFtt5P0G/view?usp=drivesdk | https://drive.google.com/file/d/1T7XZJbelIq3o4RvOMrdKuJZRFFtt5P0G/view?usp=drivesdk,pdf | preentation
"luento53passiivipptx|pdf,preentation",Luento53passiivi.pptx.pdf,1Ws9gRhDlRGO0humJj5LtMqPC0Ru-akp4,2,1Ws9gRhDlRGO0humJj5LtMqPC0Ru-akp4 | 1Ws9gRhDlRGO0humJj5LtMqPC0Ru-akp4,Luento53passiivi.pptx.pdf | Luento53passiivi.pptx.pdfPDF,https://drive.google.com/file/d/1Ws9gRhDlRGO0humJj5LtMqPC0Ru-akp4/view?usp=drivesdk | https://drive.google.com/file/d/1Ws9gRhDlRGO0humJj5LtMqPC0Ru-akp4/view?usp=drivesdk,pdf | preentation
"passiivi lumikot|preentation,video","passiivi, lumikot.mp4",1qWAH-9zKXnuC03HxRty-8r_AQFb1VR68,2,1qWAH-9zKXnuC03HxRty-8r_AQFb1VR68 | 1qWAH-9zKXnuC03HxRty-8r_AQFb1VR68,"passiivi, lumikot.mp4 | passiivi, lumikot.mp4Video",https://drive.google.com/file/d/1qWAH-9zKXnuC03HxRty-8r_AQFb1VR68/view?usp=drivesdk | https://drive.google.com/file/d/1qWAH-9zKXnuC03HxRty-8r_AQFb1VR68/view?usp=drivesdk,video | preentation
"ihminen ja lähipiiri class|pdf,preentation",Ihminen ja lähipiiri CLASS.pdf,1dnhMm-Ed33PeIsP7sAh1lanJyFuBoQmo,2,1dnhMm-Ed33PeIsP7sAh1lanJyFuBoQmo | 1dnhMm-Ed33PeIsP7sAh1lanJyFuBoQmo,Ihminen ja lähipiiri CLASS.pdf | Ihminen ja lähipiiri CLASS.pdfPDF,https://drive.google.com/file/d/1dnhMm-Ed33PeIsP7sAh1lanJyFuBoQmo/view?usp=drivesdk | https://drive.google.com/file/d/1dnhMm-Ed33PeIsP7sAh1lanJyFuBoQmo/view?usp=drivesdk,pdf | preentation
"a2 01 minä|pdf,preentation",A2 01 Minä.pdf,1sv7o-udsikfQp-6FhrUEoouaLEBjQ5YZ,2,1sv7o-udsikfQp-6FhrUEoouaLEBjQ5YZ | 1sv7o-udsikfQp-6FhrUEoouaLEBjQ5YZ,A2 01 Minä.pdf | A2 01 Minä.pdfPDF,https://drive.google.com/file/d/1sv7o-udsikfQp-6FhrUEoouaLEBjQ5YZ/view?usp=drivesdk | https://drive.google.com/file/d/1sv7o-udsikfQp-6FhrUEoouaLEBjQ5YZ/view?usp=drivesdk,pdf | preentation
"puhekertaus lumikot|preentation,video","puhekertaus, lumikot.mp4",1lW2FgBfwesE-ZzTZM_FEGLCod-pwc7-g,2,1lW2FgBfwesE-ZzTZM_FEGLCod-pwc7-g | 1lW2FgBfwesE-ZzTZM_FEGLCod-pwc7-g,"puhekertaus, lumikot.mp4 | puhekertaus, lumikot.mp4Video",https://drive.google.com/file/d/1lW2FgBfwesE-ZzTZM_FEGLCod-pwc7-g/view?usp=drivesdk | https://drive.google.com/file/d/1lW2FgBfwesE-ZzTZM_FEGLCod-pwc7-g/view?usp=drivesdk,video | preentation
"luento50lausetyyppejäpptx 1 1|pdf,preentation",Luento50lausetyyppejä.pptx (1) (1).pdf,1XVEO98TKZx-Hen9Zj3pNcn42HtEUPP43,2,1XVEO98TKZx-Hen9Zj3pNcn42HtEUPP43 | 1XVEO98TKZx-Hen9Zj3pNcn42HtEUPP43,Luento50lausetyyppejä.pptx (1) (1).pdf | Luento50lausetyyppejä.pptx (1) (1).pdfPDF,https://drive.google.com/file/d/1XVEO98TKZx-Hen9Zj3pNcn42HtEUPP43/view?usp=drivesdk | https://drive.google.com/file/d/1XVEO98TKZx-Hen9Zj3pNcn42HtEUPP43/view?usp=drivesdk,pdf | preentation
"kirjoita kuvasta_lausetyypit - google docs 1|google doc?,pdf,preentation",Kirjoita kuvasta_lausetyypit - Google Docs (1).pdf,1DermszTa0jv0jGRPTdRjWVPX8kXddfMv,2,1DermszTa0jv0jGRPTdRjWVPX8kXddfMv | 1DermszTa0jv0jGRPTdRjWVPX8kXddfMv,Kirjoita kuvasta_lausetyypit - Google Docs (1).pdf | Kirjoita kuvasta_lausetyypit - Google Docs (1).pdfPDF,https://drive.google.com/file/d/1DermszTa0jv0jGRPTdRjWVPX8kXddfMv/view?usp=drivesdk | https://drive.google.com/file/d/1DermszTa0jv0jGRPTdRjWVPX8kXddfMv/view?usp=drivesdk,pdf | google doc? | preentation
"lausetyypit lumikot|preentation,video","lausetyypit, lumikot.mp4",1TTWG4vZVyWooHEgsTi3ySSFLSuIfbteO,2,1TTWG4vZVyWooHEgsTi3ySSFLSuIfbteO | 1TTWG4vZVyWooHEgsTi3ySSFLSuIfbteO,"lausetyypit, lumikot.mp4 | lausetyypit, lumikot.mp4Video",https://drive.google.com/file/d/1TTWG4vZVyWooHEgsTi3ySSFLSuIfbteO/view?usp=drivesdk | https://drive.google.com/file/d/1TTWG4vZVyWooHEgsTi3ySSFLSuIfbteO/view?usp=drivesdk,video | preentation
"luento49tunneverbejäpptx 1|pdf,preentation",Luento49tunneverbejä.pptx (1).pdf,1pEsRh1Hj_mHtnyxJLDDJzLGRewF7YgvW,2,1pEsRh1Hj_mHtnyxJLDDJzLGRewF7YgvW | 1pEsRh1Hj_mHtnyxJLDDJzLGRewF7YgvW,Luento49tunneverbejä.pptx (1).pdf | Luento49tunneverbejä.pptx (1).pdfPDF,https://drive.google.com/file/d/1pEsRh1Hj_mHtnyxJLDDJzLGRewF7YgvW/view?usp=drivesdk | https://drive.google.com/file/d/1pEsRh1Hj_mHtnyxJLDDJzLGRewF7YgvW/view?usp=drivesdk,pdf | preentation
"tunneverbit 1|pdf,preentation",tunneverbit (1).pdf,1VRoWGUef9kzHKm94WC8RD6GGakARbDrs,2,1VRoWGUef9kzHKm94WC8RD6GGakARbDrs | 1VRoWGUef9kzHKm94WC8RD6GGakARbDrs,tunneverbit (1).pdf | tunneverbit (1).pdfPDF,https://drive.google.com/file/d/1VRoWGUef9kzHKm94WC8RD6GGakARbDrs/view?usp=drivesdk | https://drive.google.com/file/d/1VRoWGUef9kzHKm94WC8RD6GGakARbDrs/view?usp=drivesdk,pdf | preentation
"tunneverbit_lausetehtävä - google docs 1|google doc?,pdf,preentation",tunneverbit_lausetehtävä - Google Docs (1).pdf,11yxV_ZL7-Iom4Ta56LnD17qaF5yifLDs,2,11yxV_ZL7-Iom4Ta56LnD17qaF5yifLDs | 11yxV_ZL7-Iom4Ta56LnD17qaF5yifLDs,tunneverbit_lausetehtävä - Google Docs (1).pdf | tunneverbit_lausetehtävä - Google Docs (1).pdfPDF,https://drive.google.com/file/d/11yxV_ZL7-Iom4Ta56LnD17qaF5yifLDs/view?usp=drivesdk | https://drive.google.com/file/d/11yxV_ZL7-Iom4Ta56LnD17qaF5yifLDs/view?usp=drivesdk,pdf | google doc? | preentation
"tunneverbit lumikot|preentation,video","tunneverbit, lumikot.mp4",1CeVXtjhlqxv4IC2WQN_dAnmXb9YYEJHm,2,1CeVXtjhlqxv4IC2WQN_dAnmXb9YYEJHm | 1CeVXtjhlqxv4IC2WQN_dAnmXb9YYEJHm,"tunneverbit, lumikot.mp4 | tunneverbit, lumikot.mp4Video",https://drive.google.com/file/d/1CeVXtjhlqxv4IC2WQN_dAnmXb9YYEJHm/view?usp=drivesdk | https://drive.google.com/file/d/1CeVXtjhlqxv4IC2WQN_dAnmXb9YYEJHm/view?usp=drivesdk,video | preentation
"luento52joka|pdf,preentation",Luento52joka.pdf,1z-PC3UDhbrtFabHJAOTEefION9Swrhvg,2,1z-PC3UDhbrtFabHJAOTEefION9Swrhvg | 1z-PC3UDhbrtFabHJAOTEefION9Swrhvg,Luento52joka.pdf | Luento52joka.pdfPDF,https://drive.google.com/file/d/1z-PC3UDhbrtFabHJAOTEefION9Swrhvg/view?usp=drivesdk | https://drive.google.com/file/d/1z-PC3UDhbrtFabHJAOTEefION9Swrhvg/view?usp=drivesdk,pdf | preentation
"joka lumikot|preentation,video","joka, lumikot.mp4",1kAp_6xleuSyccVUQmU9ooQ8ruHs3wkG-,2,1kAp_6xleuSyccVUQmU9ooQ8ruHs3wkG- | 1kAp_6xleuSyccVUQmU9ooQ8ruHs3wkG-,"joka, lumikot.mp4 | joka, lumikot.mp4Video",https://drive.google.com/file/d/1kAp_6xleuSyccVUQmU9ooQ8ruHs3wkG-/view?usp=drivesdk | https://drive.google.com/file/d/1kAp_6xleuSyccVUQmU9ooQ8ruHs3wkG-/view?usp=drivesdk,video | preentation
"luento52joka class 1|pdf,preentation",Luento52joka CLASS (1).pdf,16Vdn0kySqLf1_JRoMv8BKmn9q-91P1Pf,2,16Vdn0kySqLf1_JRoMv8BKmn9q-91P1Pf | 16Vdn0kySqLf1_JRoMv8BKmn9q-91P1Pf,Luento52joka CLASS (1).pdf | Luento52joka CLASS (1).pdfPDF,https://drive.google.com/file/d/16Vdn0kySqLf1_JRoMv8BKmn9q-91P1Pf/view?usp=drivesdk | https://drive.google.com/file/d/16Vdn0kySqLf1_JRoMv8BKmn9q-91P1Pf/view?usp=drivesdk,pdf | preentation
"luento49tunnelauseet class|pdf,preentation",Luento49tunnelauseet CLASS.pdf,1lISMh5Lngg_r07h7JLmIFWZLvoSq54H5,2,1lISMh5Lngg_r07h7JLmIFWZLvoSq54H5 | 1lISMh5Lngg_r07h7JLmIFWZLvoSq54H5,Luento49tunnelauseet CLASS.pdf | Luento49tunnelauseet CLASS.pdfPDF,https://drive.google.com/file/d/1lISMh5Lngg_r07h7JLmIFWZLvoSq54H5/view?usp=drivesdk | https://drive.google.com/file/d/1lISMh5Lngg_r07h7JLmIFWZLvoSq54H5/view?usp=drivesdk,pdf | preentation
"luento50lausetyyppejäpptx|pdf,preentation",Luento50lausetyyppejä.pptx.pdf,1cy07e44g06IzqwocPJFAQxNSnjdlgRVu,2,1cy07e44g06IzqwocPJFAQxNSnjdlgRVu | 1cy07e44g06IzqwocPJFAQxNSnjdlgRVu,Luento50lausetyyppejä.pptx.pdf | Luento50lausetyyppejä.pptx.pdfPDF,https://drive.google.com/file/d/1cy07e44g06IzqwocPJFAQxNSnjdlgRVu/view?usp=drivesdk | https://drive.google.com/file/d/1cy07e44g06IzqwocPJFAQxNSnjdlgRVu/view?usp=drivesdk,pdf | preentation
"03a koti|pdf,preentation",03A. Koti.pdf,1e1z4Gk0OoO3twKReOqiP_gcjcQzev8Tt,2,1e1z4Gk0OoO3twKReOqiP_gcjcQzev8Tt | 1e1z4Gk0OoO3twKReOqiP_gcjcQzev8Tt,03A. Koti.pdf | 03A. Koti.pdfPDF,https://drive.google.com/file/d/1e1z4Gk0OoO3twKReOqiP_gcjcQzev8Tt/view?usp=drivesdk | https://drive.google.com/file/d/1e1z4Gk0OoO3twKReOqiP_gcjcQzev8Tt/view?usp=drivesdk,pdf | preentation
"puhetaidot_ kertaus m4|pdf,preentation",Puhetaidot_ Kertaus m4.pdf,1TjOhZ8_8iVlDzx3kAkUfu8hJZvCQ8FEA,2,1TjOhZ8_8iVlDzx3kAkUfu8hJZvCQ8FEA | 1TjOhZ8_8iVlDzx3kAkUfu8hJZvCQ8FEA,Puhetaidot_ Kertaus m4.pdf | Puhetaidot_ Kertaus m4.pdfPDF,https://drive.google.com/file/d/1TjOhZ8_8iVlDzx3kAkUfu8hJZvCQ8FEA/view?usp=drivesdk | https://drive.google.com/file/d/1TjOhZ8_8iVlDzx3kAkUfu8hJZvCQ8FEA/view?usp=drivesdk,pdf | preentation
"konjunktiotehtävä - google docs 1|google doc?,pdf,preentation",konjunktiotehtävä - Google Docs (1).pdf,1lIgS58kBZ6VtYeOf_4m3U1sH0Ki0LdCa,2,1lIgS58kBZ6VtYeOf_4m3U1sH0Ki0LdCa | 1lIgS58kBZ6VtYeOf_4m3U1sH0Ki0LdCa,konjunktiotehtävä - Google Docs (1).pdf | konjunktiotehtävä - Google Docs (1).pdfPDF,https://drive.google.com/file/d/1lIgS58kBZ6VtYeOf_4m3U1sH0Ki0LdCa/view?usp=drivesdk | https://drive.google.com/file/d/1lIgS58kBZ6VtYeOf_4m3U1sH0Ki0LdCa/view?usp=drivesdk,pdf | google doc? | preentation
"luento51sivulausepptx 1|pdf,preentation",Luento51sivulause.pptx (1).pdf,1_z4gOL-8knzUjOBkXoXk9N1o-4fzYPak,2,1_z4gOL-8knzUjOBkXoXk9N1o-4fzYPak | 1_z4gOL-8knzUjOBkXoXk9N1o-4fzYPak,Luento51sivulause.pptx (1).pdf | Luento51sivulause.pptx (1).pdfPDF,https://drive.google.com/file/d/1_z4gOL-8knzUjOBkXoXk9N1o-4fzYPak/view?usp=drivesdk | https://drive.google.com/file/d/1_z4gOL-8knzUjOBkXoXk9N1o-4fzYPak/view?usp=drivesdk,pdf | preentation
"sivulause lumikot|preentation,video","sivulause, lumikot.mp4",1ygu2yYdullVt-_9IJ3P942AVvtTx0yLH,2,1ygu2yYdullVt-_9IJ3P942AVvtTx0yLH | 1ygu2yYdullVt-_9IJ3P942AVvtTx0yLH,"sivulause, lumikot.mp4 | sivulause, lumikot.mp4Video",https://drive.google.com/file/d/1ygu2yYdullVt-_9IJ3P942AVvtTx0yLH/view?usp=drivesdk | https://drive.google.com/file/d/1ygu2yYdullVt-_9IJ3P942AVvtTx0yLH/view?usp=drivesdk,video | preentation
"luento48transitiivisuus uusin|pdf,preentation",Luento48transitiivisuus. (uusin).pdf,1Sc5267CpgVkZUOmC96exSHd4OdB6xtz1,2,1Sc5267CpgVkZUOmC96exSHd4OdB6xtz1 | 1Sc5267CpgVkZUOmC96exSHd4OdB6xtz1,Luento48transitiivisuus. (uusin).pdf | Luento48transitiivisuus. (uusin).pdfPDF,https://drive.google.com/file/d/1Sc5267CpgVkZUOmC96exSHd4OdB6xtz1/view?usp=drivesdk | https://drive.google.com/file/d/1Sc5267CpgVkZUOmC96exSHd4OdB6xtz1/view?usp=drivesdk,pdf | preentation
"transitiivisuus lumikot|preentation,video","transitiivisuus, lumikot.mp4",1om8sqhQLDmVdUiZraNsldmRZjItZ7zTx,2,1om8sqhQLDmVdUiZraNsldmRZjItZ7zTx | 1om8sqhQLDmVdUiZraNsldmRZjItZ7zTx,"transitiivisuus, lumikot.mp4 | transitiivisuus, lumikot.mp4Video",https://drive.google.com/file/d/1om8sqhQLDmVdUiZraNsldmRZjItZ7zTx/view?usp=drivesdk | https://drive.google.com/file/d/1om8sqhQLDmVdUiZraNsldmRZjItZ7zTx/view?usp=drivesdk,video | preentation
"sairaalassa lumikot|preentation,video","sairaalassa, lumikot.mp4",1_QA3eWvKL1U8qKpTvMsIbhrxL-ttlxBS,2,1_QA3eWvKL1U8qKpTvMsIbhrxL-ttlxBS | 1_QA3eWvKL1U8qKpTvMsIbhrxL-ttlxBS,"sairaalassa, lumikot.mp4 | sairaalassa, lumikot.mp4Video",https://drive.google.com/file/d/1_QA3eWvKL1U8qKpTvMsIbhrxL-ttlxBS/view?usp=drivesdk | https://drive.google.com/file/d/1_QA3eWvKL1U8qKpTvMsIbhrxL-ttlxBS/view?usp=drivesdk,video | preentation
"47 objektin kertausta|pdf,preentation",47. Objektin kertausta.pdf,18MjCwvN6QJ5nrfp_4yTQYUHYPkLblcr-,2,18MjCwvN6QJ5nrfp_4yTQYUHYPkLblcr- | 18MjCwvN6QJ5nrfp_4yTQYUHYPkLblcr-,47. Objektin kertausta.pdf | 47. Objektin kertausta.pdfPDF,https://drive.google.com/file/d/18MjCwvN6QJ5nrfp_4yTQYUHYPkLblcr-/view?usp=drivesdk | https://drive.google.com/file/d/18MjCwvN6QJ5nrfp_4yTQYUHYPkLblcr-/view?usp=drivesdk,pdf | preentation
"lumikot kertaa objektin objektia|preentation,video",Lumikot kertaa objektin objektia.mp4,1D65yg7HX8eBtBBkmBtG3PfFn5F_tHnM5,2,1D65yg7HX8eBtBBkmBtG3PfFn5F_tHnM5 | 1D65yg7HX8eBtBBkmBtG3PfFn5F_tHnM5,Lumikot kertaa objektin objektia.mp4 | Lumikot kertaa objektin objektia.mp4Video,https://drive.google.com/file/d/1D65yg7HX8eBtBBkmBtG3PfFn5F_tHnM5/view?usp=drivesdk | https://drive.google.com/file/d/1D65yg7HX8eBtBBkmBtG3PfFn5F_tHnM5/view?usp=drivesdk,video | preentation
"luento objektin kertaus class 2|pdf,preentation",Luento objektin kertaus CLASS (2).pdf,1upJIrEMZ0h2r3DeaFACHZ16Flg7ZTy4v,2,1upJIrEMZ0h2r3DeaFACHZ16Flg7ZTy4v | 1upJIrEMZ0h2r3DeaFACHZ16Flg7ZTy4v,Luento objektin kertaus CLASS (2).pdf | Luento objektin kertaus CLASS (2).pdfPDF,https://drive.google.com/file/d/1upJIrEMZ0h2r3DeaFACHZ16Flg7ZTy4v/view?usp=drivesdk | https://drive.google.com/file/d/1upJIrEMZ0h2r3DeaFACHZ16Flg7ZTy4v/view?usp=drivesdk,pdf | preentation
"viikko 16_ sairaalassa - google docs|google doc?,pdf,preentation",Viikko 16_ Sairaalassa - Google Docs.pdf,1uL8NWdseTIBIM1jwRltnRzIo1kYXbSsL,2,1uL8NWdseTIBIM1jwRltnRzIo1kYXbSsL | 1uL8NWdseTIBIM1jwRltnRzIo1kYXbSsL,Viikko 16_ Sairaalassa - Google Docs.pdf | Viikko 16_ Sairaalassa - Google Docs.pdfPDF,https://drive.google.com/file/d/1uL8NWdseTIBIM1jwRltnRzIo1kYXbSsL/view?usp=drivesdk | https://drive.google.com/file/d/1uL8NWdseTIBIM1jwRltnRzIo1kYXbSsL/view?usp=drivesdk,pdf | google doc? | preentation
"luento48transitiivisuusclass uusin|pdf,preentation",Luento48transitiivisuus.CLASS (uusin).pdf,14WlVOf7AlBv4De7I_Ae-xJkqF_bqR3y5,2,14WlVOf7AlBv4De7I_Ae-xJkqF_bqR3y5 | 14WlVOf7AlBv4De7I_Ae-xJkqF_bqR3y5,Luento48transitiivisuus.CLASS (uusin).pdf | Luento48transitiivisuus.CLASS (uusin).pdfPDF,https://drive.google.com/file/d/14WlVOf7AlBv4De7I_Ae-xJkqF_bqR3y5/view?usp=drivesdk | https://drive.google.com/file/d/14WlVOf7AlBv4De7I_Ae-xJkqF_bqR3y5/view?usp=drivesdk,pdf | preentation
"luento51sivulauseclass 1|pdf,preentation",Luento51sivulauseCLASS (1).pdf,1OztcWWT5Q5DeWIa3MzywC913DQ80x3ub,2,1OztcWWT5Q5DeWIa3MzywC913DQ80x3ub | 1OztcWWT5Q5DeWIa3MzywC913DQ80x3ub,Luento51sivulauseCLASS (1).pdf | Luento51sivulauseCLASS (1).pdfPDF,https://drive.google.com/file/d/1OztcWWT5Q5DeWIa3MzywC913DQ80x3ub/view?usp=drivesdk | https://drive.google.com/file/d/1OztcWWT5Q5DeWIa3MzywC913DQ80x3ub/view?usp=drivesdk,pdf | preentation
"02b ruoka|pdf,preentation",02B. Ruoka.pdf,14IuV9EyXHyiG23jLFh-Pnrxt7JAXPIOK,2,14IuV9EyXHyiG23jLFh-Pnrxt7JAXPIOK | 14IuV9EyXHyiG23jLFh-Pnrxt7JAXPIOK,02B. Ruoka.pdf | 02B. Ruoka.pdfPDF,https://drive.google.com/file/d/14IuV9EyXHyiG23jLFh-Pnrxt7JAXPIOK/view?usp=drivesdk | https://drive.google.com/file/d/14IuV9EyXHyiG23jLFh-Pnrxt7JAXPIOK/view?usp=drivesdk,pdf | preentation
"luento46monpartkert cl|pdf,preentation",Luento46monpartkert CL.pdf,13x8XNJAw53MkZuCWuaUtJoiDb2gBlKZ0,2,13x8XNJAw53MkZuCWuaUtJoiDb2gBlKZ0 | 13x8XNJAw53MkZuCWuaUtJoiDb2gBlKZ0,Luento46monpartkert CL.pdf | Luento46monpartkert CL.pdfPDF,https://drive.google.com/file/d/13x8XNJAw53MkZuCWuaUtJoiDb2gBlKZ0/view?usp=drivesdk | https://drive.google.com/file/d/13x8XNJAw53MkZuCWuaUtJoiDb2gBlKZ0/view?usp=drivesdk,pdf | preentation
"valitse oikea muoto|pdf,preentation",valitse oikea muoto.pdf,1vB6YTsK_hLLAMsg84gcUqNnOMMUAp1rH,2,1vB6YTsK_hLLAMsg84gcUqNnOMMUAp1rH | 1vB6YTsK_hLLAMsg84gcUqNnOMMUAp1rH,valitse oikea muoto.pdf | valitse oikea muoto.pdfPDF,https://drive.google.com/file/d/1vB6YTsK_hLLAMsg84gcUqNnOMMUAp1rH/view?usp=drivesdk | https://drive.google.com/file/d/1vB6YTsK_hLLAMsg84gcUqNnOMMUAp1rH/view?usp=drivesdk,pdf | preentation
"tee monikon partitiivi|pdf,preentation",tee monikon partitiivi.pdf,1DfXUsrfDPFEbWjvD7UFQX8sh-Iq0JfBC,2,1DfXUsrfDPFEbWjvD7UFQX8sh-Iq0JfBC | 1DfXUsrfDPFEbWjvD7UFQX8sh-Iq0JfBC,tee monikon partitiivi.pdf | tee monikon partitiivi.pdfPDF,https://drive.google.com/file/d/1DfXUsrfDPFEbWjvD7UFQX8sh-Iq0JfBC/view?usp=drivesdk | https://drive.google.com/file/d/1DfXUsrfDPFEbWjvD7UFQX8sh-Iq0JfBC/view?usp=drivesdk,pdf | preentation
"monikon partitiivin kertaus lumikot|preentation,video",Monikon partitiivin kertaus lumikot.mp4,17lxvjPf_APEe3wqjtd-TDTs-u2EPZ_p7,2,17lxvjPf_APEe3wqjtd-TDTs-u2EPZ_p7 | 17lxvjPf_APEe3wqjtd-TDTs-u2EPZ_p7,Monikon partitiivin kertaus lumikot.mp4 | Monikon partitiivin kertaus lumikot.mp4Video,https://drive.google.com/file/d/17lxvjPf_APEe3wqjtd-TDTs-u2EPZ_p7/view?usp=drivesdk | https://drive.google.com/file/d/17lxvjPf_APEe3wqjtd-TDTs-u2EPZ_p7/view?usp=drivesdk,video | preentation
"luento45adjvert|pdf,preentation",Luento45adjvert.pdf,1DXdcnqczPZYNMQWGy6K4BRerMsA-7LQF,2,1DXdcnqczPZYNMQWGy6K4BRerMsA-7LQF | 1DXdcnqczPZYNMQWGy6K4BRerMsA-7LQF,Luento45adjvert.pdf | Luento45adjvert.pdfPDF,https://drive.google.com/file/d/1DXdcnqczPZYNMQWGy6K4BRerMsA-7LQF/view?usp=drivesdk | https://drive.google.com/file/d/1DXdcnqczPZYNMQWGy6K4BRerMsA-7LQF/view?usp=drivesdk,pdf | preentation
"komparatiivitehtävä|pdf,preentation",komparatiivitehtävä.pdf,1fjmlcZfXbH7pFYinLKNIyDimCUpRyVAI,2,1fjmlcZfXbH7pFYinLKNIyDimCUpRyVAI | 1fjmlcZfXbH7pFYinLKNIyDimCUpRyVAI,komparatiivitehtävä.pdf | komparatiivitehtävä.pdfPDF,https://drive.google.com/file/d/1fjmlcZfXbH7pFYinLKNIyDimCUpRyVAI/view?usp=drivesdk | https://drive.google.com/file/d/1fjmlcZfXbH7pFYinLKNIyDimCUpRyVAI/view?usp=drivesdk,pdf | preentation
"44 rektiot class 1|pdf,preentation",44. Rektiot CLASS (1).pdf,1KZvxaSzxA8g6Vm_WtPoBhvFBffSz51Nc,4,1KZvxaSzxA8g6Vm_WtPoBhvFBffSz51Nc | 1KZvxaSzxA8g6Vm_WtPoBhvFBffSz51Nc | 1rdiFLkRdmGhcZBrylc5ZEzPDmCZrSlXZ | 1rdiFLkRdmGhcZBrylc5ZEzPDmCZrSlXZ,44. Rektiot CLASS (1).pdf | 44. Rektiot CLASS (1).pdfPDF | 44. Rektiot CLASS (1).pdf | 44. Rektiot CLASS (1).pdfPDF,https://drive.google.com/file/d/1KZvxaSzxA8g6Vm_WtPoBhvFBffSz51Nc/view?usp=drivesdk | https://drive.google.com/file/d/1KZvxaSzxA8g6Vm_WtPoBhvFBffSz51Nc/view?usp=drivesdk | https://drive.google.com/file/d/1rdiFLkRdmGhcZBrylc5ZEzPDmCZrSlXZ/view?usp=drivesdk | https://drive.google.com/file/d/1rdiFLkRdmGhcZBrylc5ZEzPDmCZrSlXZ/view?usp=drivesdk,pdf | preentation
"rektiot lumikot|preentation,video","rektiot, lumikot.mp4",1pRBc8ImNta4ZLUbDbGsc-uw32h25CMiW,2,1pRBc8ImNta4ZLUbDbGsc-uw32h25CMiW | 1pRBc8ImNta4ZLUbDbGsc-uw32h25CMiW,"rektiot, lumikot.mp4 | rektiot, lumikot.mp4Video",https://drive.google.com/file/d/1pRBc8ImNta4ZLUbDbGsc-uw32h25CMiW/view?usp=drivesdk | https://drive.google.com/file/d/1pRBc8ImNta4ZLUbDbGsc-uw32h25CMiW/view?usp=drivesdk,video | preentation
"labra lumikot|preentation,video","labra, lumikot.mp4",18aa5E2cEC3vKc1O5NSsIphJ-bVctBzK_,2,18aa5E2cEC3vKc1O5NSsIphJ-bVctBzK_ | 18aa5E2cEC3vKc1O5NSsIphJ-bVctBzK_,"labra, lumikot.mp4 | labra, lumikot.mp4Video",https://drive.google.com/file/d/18aa5E2cEC3vKc1O5NSsIphJ-bVctBzK_/view?usp=drivesdk | https://drive.google.com/file/d/18aa5E2cEC3vKc1O5NSsIphJ-bVctBzK_/view?usp=drivesdk,video | preentation
"viikko 15_ labra v2 - google docs|google doc?,pdf,preentation",Viikko 15_ Labra v2 - Google Docs.pdf,1L_z7UhUGaxX41uCPXtWxKbssmvIWOylw,2,1L_z7UhUGaxX41uCPXtWxKbssmvIWOylw | 1L_z7UhUGaxX41uCPXtWxKbssmvIWOylw,Viikko 15_ Labra v2 - Google Docs.pdf | Viikko 15_ Labra v2 - Google Docs.pdfPDF,https://drive.google.com/file/d/1L_z7UhUGaxX41uCPXtWxKbssmvIWOylw/view?usp=drivesdk | https://drive.google.com/file/d/1L_z7UhUGaxX41uCPXtWxKbssmvIWOylw/view?usp=drivesdk,pdf | google doc? | preentation
"luento45adjvertcl|pdf,preentation",Luento45adjvertCL.pdf,1B3Td5L7B-mq60GHuvDH2kMpsA6eXxnfW,2,1B3Td5L7B-mq60GHuvDH2kMpsA6eXxnfW | 1B3Td5L7B-mq60GHuvDH2kMpsA6eXxnfW,Luento45adjvertCL.pdf | Luento45adjvertCL.pdfPDF,https://drive.google.com/file/d/1B3Td5L7B-mq60GHuvDH2kMpsA6eXxnfW/view?usp=drivesdk | https://drive.google.com/file/d/1B3Td5L7B-mq60GHuvDH2kMpsA6eXxnfW/view?usp=drivesdk,pdf | preentation
"luento46monpartkert class|pdf,preentation",Luento46monpartkert CLASS.pdf,1JmkCKY-TGpnz-7rxEbrSLCvgCXnwhiwB,2,1JmkCKY-TGpnz-7rxEbrSLCvgCXnwhiwB | 1JmkCKY-TGpnz-7rxEbrSLCvgCXnwhiwB,Luento46monpartkert CLASS.pdf | Luento46monpartkert CLASS.pdfPDF,https://drive.google.com/file/d/1JmkCKY-TGpnz-7rxEbrSLCvgCXnwhiwB/view?usp=drivesdk | https://drive.google.com/file/d/1JmkCKY-TGpnz-7rxEbrSLCvgCXnwhiwB/view?usp=drivesdk,pdf | preentation
"02a perhe - google docs|google doc?,pdf,preentation",02A. Perhe - Google Docs.pdf,1oowQMqgM0mPuhUoMWP50r4fl1-0Q5X7x,4,1oowQMqgM0mPuhUoMWP50r4fl1-0Q5X7x | 1oowQMqgM0mPuhUoMWP50r4fl1-0Q5X7x | 14EJGcafEbq87gpW1y00vJLiffJ0YMW0U | 14EJGcafEbq87gpW1y00vJLiffJ0YMW0U,02A. Perhe - Google Docs.pdf | 02A. Perhe - Google Docs.pdfPDF | 02A. Perhe - Google Docs.pdf | 02A. Perhe - Google Docs.pdfPDF,https://drive.google.com/file/d/1oowQMqgM0mPuhUoMWP50r4fl1-0Q5X7x/view?usp=drivesdk | https://drive.google.com/file/d/1oowQMqgM0mPuhUoMWP50r4fl1-0Q5X7x/view?usp=drivesdk | https://drive.google.com/file/d/14EJGcafEbq87gpW1y00vJLiffJ0YMW0U/view?usp=drivesdk | https://drive.google.com/file/d/14EJGcafEbq87gpW1y00vJLiffJ0YMW0U/view?usp=drivesdk,pdf | google doc? | preentation
"luento43lmuotoja|pdf,preentation",Luento43Lmuotoja.pdf,1ZyC48DcChmiN6fi4_KZjo_-bBRTvlwdW,2,1ZyC48DcChmiN6fi4_KZjo_-bBRTvlwdW | 1ZyC48DcChmiN6fi4_KZjo_-bBRTvlwdW,Luento43Lmuotoja.pdf | Luento43Lmuotoja.pdfPDF,https://drive.google.com/file/d/1ZyC48DcChmiN6fi4_KZjo_-bBRTvlwdW/view?usp=drivesdk | https://drive.google.com/file/d/1ZyC48DcChmiN6fi4_KZjo_-bBRTvlwdW/view?usp=drivesdk,pdf | preentation
"keneltä kenelle|pdf,preentation",keneltä kenelle.pdf,1yW47QEDW8Lx72J1s45PTQot4T_uj9Lhu,2,1yW47QEDW8Lx72J1s45PTQot4T_uj9Lhu | 1yW47QEDW8Lx72J1s45PTQot4T_uj9Lhu,keneltä kenelle.pdf | keneltä kenelle.pdfPDF,https://drive.google.com/file/d/1yW47QEDW8Lx72J1s45PTQot4T_uj9Lhu/view?usp=drivesdk | https://drive.google.com/file/d/1yW47QEDW8Lx72J1s45PTQot4T_uj9Lhu/view?usp=drivesdk,pdf | preentation
"l-muodot lumikot|preentation,video","L-muodot, lumikot.mp4",1TSUU78MRgvFE5G-7YIRvfhMrInDGxZND,2,1TSUU78MRgvFE5G-7YIRvfhMrInDGxZND | 1TSUU78MRgvFE5G-7YIRvfhMrInDGxZND,"L-muodot, lumikot.mp4 | L-muodot, lumikot.mp4Video",https://drive.google.com/file/d/1TSUU78MRgvFE5G-7YIRvfhMrInDGxZND/view?usp=drivesdk | https://drive.google.com/file/d/1TSUU78MRgvFE5G-7YIRvfhMrInDGxZND/view?usp=drivesdk,video | preentation
"luento38perfekti|pdf,preentation",Luento38perfekti.pdf,1DjO87MUqCTeK0tC0Fml2MgkUf8YfW3vH,2,1DjO87MUqCTeK0tC0Fml2MgkUf8YfW3vH | 1DjO87MUqCTeK0tC0Fml2MgkUf8YfW3vH,Luento38perfekti.pdf | Luento38perfekti.pdfPDF,https://drive.google.com/file/d/1DjO87MUqCTeK0tC0Fml2MgkUf8YfW3vH/view?usp=drivesdk | https://drive.google.com/file/d/1DjO87MUqCTeK0tC0Fml2MgkUf8YfW3vH/view?usp=drivesdk,pdf | preentation
"tehtävät 1|pdf,preentation",TEHTÄVÄT (1).pdf,1aNwbmYZBBmlZUv7Th3QgsmhE10aelcni,2,1aNwbmYZBBmlZUv7Th3QgsmhE10aelcni | 1aNwbmYZBBmlZUv7Th3QgsmhE10aelcni,TEHTÄVÄT (1).pdf | TEHTÄVÄT (1).pdfPDF,https://drive.google.com/file/d/1aNwbmYZBBmlZUv7Th3QgsmhE10aelcni/view?usp=drivesdk | https://drive.google.com/file/d/1aNwbmYZBBmlZUv7Th3QgsmhE10aelcni/view?usp=drivesdk,pdf | preentation
"perfekti lumikot|preentation,video","perfekti, lumikot.mp4",1w6IOIIOvByVF7TUtjdCtRmjLLJDptOP_,2,1w6IOIIOvByVF7TUtjdCtRmjLLJDptOP_ | 1w6IOIIOvByVF7TUtjdCtRmjLLJDptOP_,"perfekti, lumikot.mp4 | perfekti, lumikot.mp4Video",https://drive.google.com/file/d/1w6IOIIOvByVF7TUtjdCtRmjLLJDptOP_/view?usp=drivesdk | https://drive.google.com/file/d/1w6IOIIOvByVF7TUtjdCtRmjLLJDptOP_/view?usp=drivesdk,video | preentation
"päivitetty_ luento40halutavoidaosatapptx|pdf,preentation",Päivitetty_ Luento40halutavoidaosata.pptx.pdf,1HwXzSKkUSiWKDvByE3hQzqEIoafCTIu0,2,1HwXzSKkUSiWKDvByE3hQzqEIoafCTIu0 | 1HwXzSKkUSiWKDvByE3hQzqEIoafCTIu0,Päivitetty_ Luento40halutavoidaosata.pptx.pdf | Päivitetty_ Luento40halutavoidaosata.pptx.pdfPDF,https://drive.google.com/file/d/1HwXzSKkUSiWKDvByE3hQzqEIoafCTIu0/view?usp=drivesdk | https://drive.google.com/file/d/1HwXzSKkUSiWKDvByE3hQzqEIoafCTIu0/view?usp=drivesdk,pdf | preentation
"halutavoidaosata lumikot|preentation,video","haluta,voida,osata, lumikot.mp4",1Lr6xZC-CV5g9Ed86Lmd6fPAvf8vJR3qL,2,1Lr6xZC-CV5g9Ed86Lmd6fPAvf8vJR3qL | 1Lr6xZC-CV5g9Ed86Lmd6fPAvf8vJR3qL,"haluta,voida,osata, lumikot.mp4 | haluta,voida,osata, lumikot.mp4Video",https://drive.google.com/file/d/1Lr6xZC-CV5g9Ed86Lmd6fPAvf8vJR3qL/view?usp=drivesdk | https://drive.google.com/file/d/1Lr6xZC-CV5g9Ed86Lmd6fPAvf8vJR3qL/view?usp=drivesdk,video | preentation
"työtä ja juhlaa lumikot|preentation,video","työtä ja juhlaa, lumikot.mp4",1XHr-7tiSy4MwOk6b31MAhgtlKwTHcA5Y,2,1XHr-7tiSy4MwOk6b31MAhgtlKwTHcA5Y | 1XHr-7tiSy4MwOk6b31MAhgtlKwTHcA5Y,"työtä ja juhlaa, lumikot.mp4 | työtä ja juhlaa, lumikot.mp4Video",https://drive.google.com/file/d/1XHr-7tiSy4MwOk6b31MAhgtlKwTHcA5Y/view?usp=drivesdk | https://drive.google.com/file/d/1XHr-7tiSy4MwOk6b31MAhgtlKwTHcA5Y/view?usp=drivesdk,video | preentation
"viikko 14_ työtä ja juhlaa ja passiivia - google docs|google doc?,pdf,preentation",Viikko 14_ Työtä ja juhlaa ja passiivia - Google Docs.pdf,1xqUbT-nmNBmxhwf0TXcuV20twVlhVgQh,2,1xqUbT-nmNBmxhwf0TXcuV20twVlhVgQh | 1xqUbT-nmNBmxhwf0TXcuV20twVlhVgQh,Viikko 14_ Työtä ja juhlaa ja passiivia - Google Docs.pdf | Viikko 14_ Työtä ja juhlaa ja passiivia - Google Docs.pdfPDF,https://drive.google.com/file/d/1xqUbT-nmNBmxhwf0TXcuV20twVlhVgQh/view?usp=drivesdk | https://drive.google.com/file/d/1xqUbT-nmNBmxhwf0TXcuV20twVlhVgQh/view?usp=drivesdk,pdf | google doc? | preentation
"päivitetty_ luento40halutavoidaosataclasspptx|pdf,preentation",Päivitetty_ Luento40halutavoidaosataCLASS.pptx.pdf,1wI01yBISkTqJMzIHt3HZjNp-t61FFm0z,2,1wI01yBISkTqJMzIHt3HZjNp-t61FFm0z | 1wI01yBISkTqJMzIHt3HZjNp-t61FFm0z,Päivitetty_ Luento40halutavoidaosataCLASS.pptx.pdf | Päivitetty_ Luento40halutavoidaosataCLASS.pptx.pdfPDF,https://drive.google.com/file/d/1wI01yBISkTqJMzIHt3HZjNp-t61FFm0z/view?usp=drivesdk | https://drive.google.com/file/d/1wI01yBISkTqJMzIHt3HZjNp-t61FFm0z/view?usp=drivesdk,pdf | preentation
"luento38perfekticlass|pdf,preentation",Luento38perfektiCLASS.pdf,17FfNR0l4JDT_5sqk8b5aMtIHpMlRXFMN,2,17FfNR0l4JDT_5sqk8b5aMtIHpMlRXFMN | 17FfNR0l4JDT_5sqk8b5aMtIHpMlRXFMN,Luento38perfektiCLASS.pdf | Luento38perfektiCLASS.pdfPDF,https://drive.google.com/file/d/17FfNR0l4JDT_5sqk8b5aMtIHpMlRXFMN/view?usp=drivesdk | https://drive.google.com/file/d/17FfNR0l4JDT_5sqk8b5aMtIHpMlRXFMN/view?usp=drivesdk,pdf | preentation
"luento43lmuotojaclass 1|pdf,preentation",Luento43LmuotojaCLASS (1).pdf,1XysEELapcBfvCP3q36Bwvq6MTc5CwiCp,2,1XysEELapcBfvCP3q36Bwvq6MTc5CwiCp | 1XysEELapcBfvCP3q36Bwvq6MTc5CwiCp,Luento43LmuotojaCLASS (1).pdf | Luento43LmuotojaCLASS (1).pdfPDF,https://drive.google.com/file/d/1XysEELapcBfvCP3q36Bwvq6MTc5CwiCp/view?usp=drivesdk | https://drive.google.com/file/d/1XysEELapcBfvCP3q36Bwvq6MTc5CwiCp/view?usp=drivesdk,pdf | preentation
"01 minä - google docs|google doc?,pdf,preentation",01 Minä - Google Docs.pdf,1iE6RfLtE93FGiMNCRRugCX21EBqffa60,2,1iE6RfLtE93FGiMNCRRugCX21EBqffa60 | 1iE6RfLtE93FGiMNCRRugCX21EBqffa60,01 Minä - Google Docs.pdf | 01 Minä - Google Docs.pdfPDF,https://drive.google.com/file/d/1iE6RfLtE93FGiMNCRRugCX21EBqffa60/view?usp=drivesdk | https://drive.google.com/file/d/1iE6RfLtE93FGiMNCRRugCX21EBqffa60/view?usp=drivesdk,pdf | google doc? | preentation
"luento39letspassiiviclass|pdf,preentation",Luento39LetspassiiviCLASS.pdf,1Kqo7Dki7vJvhF3NcsX3hOZKN5lCaRm5s,4,1Kqo7Dki7vJvhF3NcsX3hOZKN5lCaRm5s | 1Kqo7Dki7vJvhF3NcsX3hOZKN5lCaRm5s | 1Jrv3DftVbZG17E0vMKfvxFBygBmFjGX2 | 1Jrv3DftVbZG17E0vMKfvxFBygBmFjGX2,Luento39LetspassiiviCLASS.pdf | Luento39LetspassiiviCLASS.pdfPDF | Luento39LetspassiiviCLASS.pdf | Luento39LetspassiiviCLASS.pdfPDF,https://drive.google.com/file/d/1Kqo7Dki7vJvhF3NcsX3hOZKN5lCaRm5s/view?usp=drivesdk | https://drive.google.com/file/d/1Kqo7Dki7vJvhF3NcsX3hOZKN5lCaRm5s/view?usp=drivesdk | https://drive.google.com/file/d/1Jrv3DftVbZG17E0vMKfvxFBygBmFjGX2/view?usp=drivesdk | https://drive.google.com/file/d/1Jrv3DftVbZG17E0vMKfvxFBygBmFjGX2/view?usp=drivesdk,pdf | preentation
"etsi tekstistä passiivit|pdf,preentation",Etsi tekstistä passiivit.pdf,1IL_AV64_MNLdKh6RjXmoHF4s1BzXKVDQ,2,1IL_AV64_MNLdKh6RjXmoHF4s1BzXKVDQ | 1IL_AV64_MNLdKh6RjXmoHF4s1BzXKVDQ,Etsi tekstistä passiivit.pdf | Etsi tekstistä passiivit.pdfPDF,https://drive.google.com/file/d/1IL_AV64_MNLdKh6RjXmoHF4s1BzXKVDQ/view?usp=drivesdk | https://drive.google.com/file/d/1IL_AV64_MNLdKh6RjXmoHF4s1BzXKVDQ/view?usp=drivesdk,pdf | preentation
"ehdotuspassiivi lumikot|preentation,video","ehdotuspassiivi, lumikot.mp4",1u8iFGY3OZGnG5fJopWSzsIdqBZxkZfzY,2,1u8iFGY3OZGnG5fJopWSzsIdqBZxkZfzY | 1u8iFGY3OZGnG5fJopWSzsIdqBZxkZfzY,"ehdotuspassiivi, lumikot.mp4 | ehdotuspassiivi, lumikot.mp4Video",https://drive.google.com/file/d/1u8iFGY3OZGnG5fJopWSzsIdqBZxkZfzY/view?usp=drivesdk | https://drive.google.com/file/d/1u8iFGY3OZGnG5fJopWSzsIdqBZxkZfzY/view?usp=drivesdk,video | preentation
"terveystarkastus lumikot|preentation,video","terveystarkastus, lumikot.mp4",1Z3ZcXcUj2CFSKYTpzH4iLreYS_Qt6dKn,2,1Z3ZcXcUj2CFSKYTpzH4iLreYS_Qt6dKn | 1Z3ZcXcUj2CFSKYTpzH4iLreYS_Qt6dKn,"terveystarkastus, lumikot.mp4 | terveystarkastus, lumikot.mp4Video",https://drive.google.com/file/d/1Z3ZcXcUj2CFSKYTpzH4iLreYS_Qt6dKn/view?usp=drivesdk | https://drive.google.com/file/d/1Z3ZcXcUj2CFSKYTpzH4iLreYS_Qt6dKn/view?usp=drivesdk,video | preentation
"luento37järjestys|pdf,preentation",Luento37järjestys.pdf,1-U8xY3M9drRFf6RZVxWq382E930brDVs,2,1-U8xY3M9drRFf6RZVxWq382E930brDVs | 1-U8xY3M9drRFf6RZVxWq382E930brDVs,Luento37järjestys.pdf | Luento37järjestys.pdfPDF,https://drive.google.com/file/d/1-U8xY3M9drRFf6RZVxWq382E930brDVs/view?usp=drivesdk | https://drive.google.com/file/d/1-U8xY3M9drRFf6RZVxWq382E930brDVs/view?usp=drivesdk,pdf | preentation
"päivämäärä ja milloin lumikot|preentation,video",Päivämäärä ja milloin Lumikot.mp4,1D7-f20eqOxs-tSausoRNStj2da-98oXV,2,1D7-f20eqOxs-tSausoRNStj2da-98oXV | 1D7-f20eqOxs-tSausoRNStj2da-98oXV,Päivämäärä ja milloin Lumikot.mp4 | Päivämäärä ja milloin Lumikot.mp4Video,https://drive.google.com/file/d/1D7-f20eqOxs-tSausoRNStj2da-98oXV/view?usp=drivesdk | https://drive.google.com/file/d/1D7-f20eqOxs-tSausoRNStj2da-98oXV/view?usp=drivesdk,video | preentation
"luento37järjestys ja aika class|pdf,preentation",Luento37järjestys ja aika CLASS .pdf,1QwCwQBoRF8gXUA9LA14KimbSGCwtx1sF,2,1QwCwQBoRF8gXUA9LA14KimbSGCwtx1sF | 1QwCwQBoRF8gXUA9LA14KimbSGCwtx1sF,Luento37järjestys ja aika CLASS .pdf | Luento37järjestys ja aika CLASS .pdfPDF,https://drive.google.com/file/d/1QwCwQBoRF8gXUA9LA14KimbSGCwtx1sF/view?usp=drivesdk | https://drive.google.com/file/d/1QwCwQBoRF8gXUA9LA14KimbSGCwtx1sF/view?usp=drivesdk,pdf | preentation
"viikko 13_ terveystarkastus - google docs|google doc?,pdf,preentation",Viikko 13_ Terveystarkastus - Google Docs.pdf,1QqB4d0zfA4_r7BPDKnnyAZJJ2NPWlqXn,2,1QqB4d0zfA4_r7BPDKnnyAZJJ2NPWlqXn | 1QqB4d0zfA4_r7BPDKnnyAZJJ2NPWlqXn,Viikko 13_ Terveystarkastus - Google Docs.pdf | Viikko 13_ Terveystarkastus - Google Docs.pdfPDF,https://drive.google.com/file/d/1QqB4d0zfA4_r7BPDKnnyAZJJ2NPWlqXn/view?usp=drivesdk | https://drive.google.com/file/d/1QqB4d0zfA4_r7BPDKnnyAZJJ2NPWlqXn/view?usp=drivesdk,pdf | google doc? | preentation
"05b luonne - google docs|google doc?,pdf,preentation",05B Luonne - Google Docs.pdf,16fwm9xa1zyamLSqYE_ekfXlRrulYm7Am,2,16fwm9xa1zyamLSqYE_ekfXlRrulYm7Am | 16fwm9xa1zyamLSqYE_ekfXlRrulYm7Am,05B Luonne - Google Docs.pdf | 05B Luonne - Google Docs.pdfPDF,https://drive.google.com/file/d/16fwm9xa1zyamLSqYE_ekfXlRrulYm7Am/view?usp=drivesdk | https://drive.google.com/file/d/16fwm9xa1zyamLSqYE_ekfXlRrulYm7Am/view?usp=drivesdk,pdf | google doc? | preentation
"kertausta testiin lumikot|preentation,video","kertausta testiin, lumikot.mp4",1JcRTky_McvxNJvIDVYzV8O_2gWeo1dsT,2,1JcRTky_McvxNJvIDVYzV8O_2gWeo1dsT | 1JcRTky_McvxNJvIDVYzV8O_2gWeo1dsT,"kertausta testiin, lumikot.mp4 | kertausta testiin, lumikot.mp4Video",https://drive.google.com/file/d/1JcRTky_McvxNJvIDVYzV8O_2gWeo1dsT/view?usp=drivesdk | https://drive.google.com/file/d/1JcRTky_McvxNJvIDVYzV8O_2gWeo1dsT/view?usp=drivesdk,video | preentation
"kertaus lumikot|preentation,video","kertaus, lumikot.mp4",1CQo7f_-Jj4Sbf8De9IGbY9PyYdK7NwEk,2,1CQo7f_-Jj4Sbf8De9IGbY9PyYdK7NwEk | 1CQo7f_-Jj4Sbf8De9IGbY9PyYdK7NwEk,"kertaus, lumikot.mp4 | kertaus, lumikot.mp4Video",https://drive.google.com/file/d/1CQo7f_-Jj4Sbf8De9IGbY9PyYdK7NwEk/view?usp=drivesdk | https://drive.google.com/file/d/1CQo7f_-Jj4Sbf8De9IGbY9PyYdK7NwEk/view?usp=drivesdk,video | preentation
"yövuorossa sanasto|pdf,preentation",yövuorossa SANASTO.pdf,1ZHa3H7ttIKNJb02CEqrwaTZBSM_CxxdX,2,1ZHa3H7ttIKNJb02CEqrwaTZBSM_CxxdX | 1ZHa3H7ttIKNJb02CEqrwaTZBSM_CxxdX,yövuorossa SANASTO.pdf | yövuorossa SANASTO.pdfPDF,https://drive.google.com/file/d/1ZHa3H7ttIKNJb02CEqrwaTZBSM_CxxdX/view?usp=drivesdk | https://drive.google.com/file/d/1ZHa3H7ttIKNJb02CEqrwaTZBSM_CxxdX/view?usp=drivesdk,pdf | preentation
"yövuorossa teksti ja kysymykset|pdf,preentation",yövuorossa TEKSTI JA KYSYMYKSET.pdf,1ifaG2s74sbMDYr4rEQXtbu6iHkRufafn,2,1ifaG2s74sbMDYr4rEQXtbu6iHkRufafn | 1ifaG2s74sbMDYr4rEQXtbu6iHkRufafn,yövuorossa TEKSTI JA KYSYMYKSET.pdf | yövuorossa TEKSTI JA KYSYMYKSET.pdfPDF,https://drive.google.com/file/d/1ifaG2s74sbMDYr4rEQXtbu6iHkRufafn/view?usp=drivesdk | https://drive.google.com/file/d/1ifaG2s74sbMDYr4rEQXtbu6iHkRufafn/view?usp=drivesdk,pdf | preentation
"kirjoitus sairaalahuone|pdf,preentation",KIRJOITUS Sairaalahuone.pdf,1clYVNzbSvo_E8aUx45eB9X9PRBn38Yrh,2,1clYVNzbSvo_E8aUx45eB9X9PRBn38Yrh | 1clYVNzbSvo_E8aUx45eB9X9PRBn38Yrh,KIRJOITUS Sairaalahuone.pdf | KIRJOITUS Sairaalahuone.pdfPDF,https://drive.google.com/file/d/1clYVNzbSvo_E8aUx45eB9X9PRBn38Yrh/view?usp=drivesdk | https://drive.google.com/file/d/1clYVNzbSvo_E8aUx45eB9X9PRBn38Yrh/view?usp=drivesdk,pdf | preentation
"lumikot lukee ja kirjoittaa|preentation,video",Lumikot lukee ja kirjoittaa.mp4,1VF261L_H-c3WDAkFog9hm1xX1NqE62mp,2,1VF261L_H-c3WDAkFog9hm1xX1NqE62mp | 1VF261L_H-c3WDAkFog9hm1xX1NqE62mp,Lumikot lukee ja kirjoittaa.mp4 | Lumikot lukee ja kirjoittaa.mp4Video,https://drive.google.com/file/d/1VF261L_H-c3WDAkFog9hm1xX1NqE62mp/view?usp=drivesdk | https://drive.google.com/file/d/1VF261L_H-c3WDAkFog9hm1xX1NqE62mp/view?usp=drivesdk,video | preentation
"lue yövuorossa sanasto|pdf,preentation",Lue yövuorossa SANASTO.pdf,1AkujqWqjVQ0VIEbdp2_aoN_GZqlq8FgV,4,1AkujqWqjVQ0VIEbdp2_aoN_GZqlq8FgV | 1AkujqWqjVQ0VIEbdp2_aoN_GZqlq8FgV | 1lC5S9v898Dr3GHsIw9U0JfVavZiON20V | 1lC5S9v898Dr3GHsIw9U0JfVavZiON20V,Lue yövuorossa SANASTO.pdf | Lue yövuorossa SANASTO.pdfPDF | Lue yövuorossa SANASTO.pdf | Lue yövuorossa SANASTO.pdfPDF,https://drive.google.com/file/d/1AkujqWqjVQ0VIEbdp2_aoN_GZqlq8FgV/view?usp=drivesdk | https://drive.google.com/file/d/1AkujqWqjVQ0VIEbdp2_aoN_GZqlq8FgV/view?usp=drivesdk | https://drive.google.com/file/d/1lC5S9v898Dr3GHsIw9U0JfVavZiON20V/view?usp=drivesdk | https://drive.google.com/file/d/1lC5S9v898Dr3GHsIw9U0JfVavZiON20V/view?usp=drivesdk,pdf | preentation
"viikko 12 kertaus|pdf,preentation",viikko 12 kertaus.pdf,1JRV-uccmeBgcmf7T-U1OzEy3e9JiCJLF,6,1JRV-uccmeBgcmf7T-U1OzEy3e9JiCJLF | 1JRV-uccmeBgcmf7T-U1OzEy3e9JiCJLF | 1y36ytrCXBD4oTgJg4jraIX94GxzXySLA | 1y36ytrCXBD4oTgJg4jraIX94GxzXySLA | 1oJsZKcNRZzYdMspkIeIiMcw2IPQGuGgI | 1oJsZKcNRZzYdMspkIeIiMcw2IPQGuGgI,viikko 12 kertaus.pdf | viikko 12 kertaus.pdfPDF | viikko 12 kertaus.pdf | viikko 12 kertaus.pdfPDF | viikko 12 kertaus.pdf | viikko 12 kertaus.pdfPDF,https://drive.google.com/file/d/1JRV-uccmeBgcmf7T-U1OzEy3e9JiCJLF/view?usp=drivesdk | https://drive.google.com/file/d/1JRV-uccmeBgcmf7T-U1OzEy3e9JiCJLF/view?usp=drivesdk | https://drive.google.com/file/d/1y36ytrCXBD4oTgJg4jraIX94GxzXySLA/view?usp=drivesdk | https://drive.google.com/file/d/1y36ytrCXBD4oTgJg4jraIX94GxzXySLA/view?usp=drivesdk | https://drive.google.com/file/d/1oJsZKcNRZzYdMspkIeIiMcw2IPQGuGgI/view?usp=drivesdk | https://drive.google.com/file/d/1oJsZKcNRZzYdMspkIeIiMcw2IPQGuGgI/view?usp=drivesdk,pdf | preentation
"05a terveys ja sairaus - google docs|google doc?,pdf,preentation",05A Terveys ja sairaus - Google Docs.pdf,18Sj5QHmINVaRpgS3kn5RaO-2Fg2GQ3M8,2,18Sj5QHmINVaRpgS3kn5RaO-2Fg2GQ3M8 | 18Sj5QHmINVaRpgS3kn5RaO-2Fg2GQ3M8,05A Terveys ja sairaus - Google Docs.pdf | 05A Terveys ja sairaus - Google Docs.pdfPDF,https://drive.google.com/file/d/18Sj5QHmINVaRpgS3kn5RaO-2Fg2GQ3M8/view?usp=drivesdk | https://drive.google.com/file/d/18Sj5QHmINVaRpgS3kn5RaO-2Fg2GQ3M8/view?usp=drivesdk,pdf | google doc? | preentation
"luetaan kuunnellaan ja kirjoitetaan lumikot|document,google doc?,preentation","Luetaan, kuunnellaan ja kirjoitetaan, lumikot",1V4Gvp-OJDObvqaOh45WxPgPeOAxIB6ckp_DGjWaTpu0,3,1V4Gvp-OJDObvqaOh45WxPgPeOAxIB6ckp_DGjWaTpu0 | 1V4Gvp-OJDObvqaOh45WxPgPeOAxIB6ckp_DGjWaTpu0 | 1V4Gvp-OJDObvqaOh45WxPgPeOAxIB6ckp_DGjWaTpu0,"Luetaan, kuunnellaan ja kirjoitetaan, lumikot | Luetaan, kuunnellaan ja kirjoitetaan, lumikot | Luetaan, kuunnellaan ja kirjoitetaan, lumikot",https://docs.google.com/document/d/1V4Gvp-OJDObvqaOh45WxPgPeOAxIB6ckp_DGjWaTpu0/edit?usp=drivesdk | https://docs.google.com/document/d/1V4Gvp-OJDObvqaOh45WxPgPeOAxIB6ckp_DGjWaTpu0/edit?usp=drivesdk | https://docs.google.com/document/d/1V4Gvp-OJDObvqaOh45WxPgPeOAxIB6ckp_DGjWaTpu0/edit?usp=drivesdk,google doc? | preentation | document
"luetaan kuunnellaan ja kirjoitetaan lumikot|document,google doc?,google docs,preentation","Luetaan, kuunnellaan ja kirjoitetaan, lumikot",1V4Gvp-OJDObvqaOh45WxPgPeOAxIB6ckp_DGjWaTpu0,3,1V4Gvp-OJDObvqaOh45WxPgPeOAxIB6ckp_DGjWaTpu0 | 1V4Gvp-OJDObvqaOh45WxPgPeOAxIB6ckp_DGjWaTpu0 | 1V4Gvp-OJDObvqaOh45WxPgPeOAxIB6ckp_DGjWaTpu0,"Luetaan, kuunnellaan ja kirjoitetaan, lumikotGoogle Docs | Luetaan, kuunnellaan ja kirjoitetaan, lumikotGoogle Docs | Luetaan, kuunnellaan ja kirjoitetaan, lumikotGoogle Docs",https://docs.google.com/document/d/1V4Gvp-OJDObvqaOh45WxPgPeOAxIB6ckp_DGjWaTpu0/edit?usp=drivesdk | https://docs.google.com/document/d/1V4Gvp-OJDObvqaOh45WxPgPeOAxIB6ckp_DGjWaTpu0/edit?usp=drivesdk | https://docs.google.com/document/d/1V4Gvp-OJDObvqaOh45WxPgPeOAxIB6ckp_DGjWaTpu0/edit?usp=drivesdk,google docs | google doc? | preentation | document
"lumikot kirjoittaa|preentation,video",Lumikot kirjoittaa.mp4,1wYlniIHClaZHWIPBrcNOhRgQUvFNVqta,2,1wYlniIHClaZHWIPBrcNOhRgQUvFNVqta | 1wYlniIHClaZHWIPBrcNOhRgQUvFNVqta,Lumikot kirjoittaa.mp4 | Lumikot kirjoittaa.mp4Video,https://drive.google.com/file/d/1wYlniIHClaZHWIPBrcNOhRgQUvFNVqta/view?usp=drivesdk | https://drive.google.com/file/d/1wYlniIHClaZHWIPBrcNOhRgQUvFNVqta/view?usp=drivesdk,video | preentation
"lue hanna on sairas teksti ja kysymykset 1|pdf,preentation",Lue Hanna on sairas TEKSTI JA KYSYMYKSET (1).pdf,1ZdFNUXuQ2jDxzNgOGV6btBCFmgvJex3H,2,1ZdFNUXuQ2jDxzNgOGV6btBCFmgvJex3H | 1ZdFNUXuQ2jDxzNgOGV6btBCFmgvJex3H,Lue Hanna on sairas TEKSTI JA KYSYMYKSET (1).pdf | Lue Hanna on sairas TEKSTI JA KYSYMYKSET (1).pdfPDF,https://drive.google.com/file/d/1ZdFNUXuQ2jDxzNgOGV6btBCFmgvJex3H/view?usp=drivesdk | https://drive.google.com/file/d/1ZdFNUXuQ2jDxzNgOGV6btBCFmgvJex3H/view?usp=drivesdk,pdf | preentation
"lumikot lukee ja kuuntelee 2|preentation,video",Lumikot lukee ja kuuntelee 2.mp4,1l5CYlWQNuj7v01njGWFzLQ29BgKcas7L,2,1l5CYlWQNuj7v01njGWFzLQ29BgKcas7L | 1l5CYlWQNuj7v01njGWFzLQ29BgKcas7L,Lumikot lukee ja kuuntelee 2.mp4 | Lumikot lukee ja kuuntelee 2.mp4Video,https://drive.google.com/file/d/1l5CYlWQNuj7v01njGWFzLQ29BgKcas7L/view?usp=drivesdk | https://drive.google.com/file/d/1l5CYlWQNuj7v01njGWFzLQ29BgKcas7L/view?usp=drivesdk,video | preentation
"lue viestejä ja kysymykset 1|pdf,preentation",Lue Viestejä ja KYSYMYKSET (1).pdf,1LA9bMYkxSJbD2g0SxWZzR6Pi6rE4xX-u,2,1LA9bMYkxSJbD2g0SxWZzR6Pi6rE4xX-u | 1LA9bMYkxSJbD2g0SxWZzR6Pi6rE4xX-u,Lue Viestejä ja KYSYMYKSET (1).pdf | Lue Viestejä ja KYSYMYKSET (1).pdfPDF,https://drive.google.com/file/d/1LA9bMYkxSJbD2g0SxWZzR6Pi6rE4xX-u/view?usp=drivesdk | https://drive.google.com/file/d/1LA9bMYkxSJbD2g0SxWZzR6Pi6rE4xX-u/view?usp=drivesdk,pdf | preentation
"lumikot lukee ja kuuntelee1|preentation,video",Lumikot lukee ja kuuntelee1.mp4,1JREStd5Z1PBSGiiFYof92J37OkKeEURR,2,1JREStd5Z1PBSGiiFYof92J37OkKeEURR | 1JREStd5Z1PBSGiiFYof92J37OkKeEURR,Lumikot lukee ja kuuntelee1.mp4 | Lumikot lukee ja kuuntelee1.mp4Video,https://drive.google.com/file/d/1JREStd5Z1PBSGiiFYof92J37OkKeEURR/view?usp=drivesdk | https://drive.google.com/file/d/1JREStd5Z1PBSGiiFYof92J37OkKeEURR/view?usp=drivesdk,video | preentation
httpsdocsgooglecomspreadsheetsd1ato_moijp2wltm2wqcatvn9ll8kk0u22l1xjgoanavoedituspsharing|preadheet,https://docs.google.com/spreadsheets/d/1ato_MOijP2wltM2WQCATVn9ll8KK0u22L1xJgoanavo/edit?usp=sharing,1ato_MOijP2wltM2WQCATVn9ll8KK0u22L1xJgoanavo,2,1ato_MOijP2wltM2WQCATVn9ll8KK0u22L1xJgoanavo | 1ato_MOijP2wltM2WQCATVn9ll8KK0u22L1xJgoanavo,https://docs.google.com/spreadsheets/d/1ato_MOijP2wltM2WQCATVn9ll8KK0u22L1xJgoanavo/edit?usp=sharing | https://docs.google.com/spreadsheets/d/1ato_MOijP2wltM2WQCATVn9ll8KK0u22L1xJgoanavo/edit?usp=sharing,https://docs.google.com/spreadsheets/d/1ato_MOijP2wltM2WQCATVn9ll8KK0u22L1xJgoanavo/edit?usp=sharing | https://docs.google.com/spreadsheets/d/1ato_MOijP2wltM2WQCATVn9ll8KK0u22L1xJgoanavo/edit?usp=sharing,preadheet
"lue hanna on sairas sanasto|pdf,preentation",Lue Hanna on sairas SANASTO.pdf,1u-G_ldPokVoKbLhmcDb14itMlKGnxIyo,2,1u-G_ldPokVoKbLhmcDb14itMlKGnxIyo | 1u-G_ldPokVoKbLhmcDb14itMlKGnxIyo,Lue Hanna on sairas SANASTO.pdf | Lue Hanna on sairas SANASTO.pdfPDF,https://drive.google.com/file/d/1u-G_ldPokVoKbLhmcDb14itMlKGnxIyo/view?usp=drivesdk | https://drive.google.com/file/d/1u-G_ldPokVoKbLhmcDb14itMlKGnxIyo/view?usp=drivesdk,pdf | preentation
"04b liikenne - google docs|google doc?,pdf,preentation",04B. Liikenne - Google Docs.pdf,1JBZzjZpyT9GWDJXjngZtWJBZ5UiLPwkk,2,1JBZzjZpyT9GWDJXjngZtWJBZ5UiLPwkk | 1JBZzjZpyT9GWDJXjngZtWJBZ5UiLPwkk,04B. Liikenne - Google Docs.pdf | 04B. Liikenne - Google Docs.pdfPDF,https://drive.google.com/file/d/1JBZzjZpyT9GWDJXjngZtWJBZ5UiLPwkk/view?usp=drivesdk | https://drive.google.com/file/d/1JBZzjZpyT9GWDJXjngZtWJBZ5UiLPwkk/view?usp=drivesdk,pdf | google doc? | preentation
"verbityyppi 6 muuta lumikot|document,google doc?,preentation","Verbityyppi 6 + muuta, lumikot",1-EVLmd_67meuv56uAREg_CPoV1xymLhOFFghuO-qwOM,2,1-EVLmd_67meuv56uAREg_CPoV1xymLhOFFghuO-qwOM | 1-EVLmd_67meuv56uAREg_CPoV1xymLhOFFghuO-qwOM,"Verbityyppi 6 + muuta, lumikot | Verbityyppi 6 + muuta, lumikot",https://docs.google.com/document/d/1-EVLmd_67meuv56uAREg_CPoV1xymLhOFFghuO-qwOM/edit?usp=drivesdk | https://docs.google.com/document/d/1-EVLmd_67meuv56uAREg_CPoV1xymLhOFFghuO-qwOM/edit?usp=drivesdk,google doc? | preentation | document
"verbityyppi 6 muuta lumikot|document,google doc?,google docs,preentation","Verbityyppi 6 + muuta, lumikot",1-EVLmd_67meuv56uAREg_CPoV1xymLhOFFghuO-qwOM,2,1-EVLmd_67meuv56uAREg_CPoV1xymLhOFFghuO-qwOM | 1-EVLmd_67meuv56uAREg_CPoV1xymLhOFFghuO-qwOM,"Verbityyppi 6 + muuta, lumikotGoogle Docs | Verbityyppi 6 + muuta, lumikotGoogle Docs",https://docs.google.com/document/d/1-EVLmd_67meuv56uAREg_CPoV1xymLhOFFghuO-qwOM/edit?usp=drivesdk | https://docs.google.com/document/d/1-EVLmd_67meuv56uAREg_CPoV1xymLhOFFghuO-qwOM/edit?usp=drivesdk,google docs | google doc? | preentation | document
"luento34vt6|pdf,preentation",luento34vt6.pdf,1Tb8T-MeADLyE0n4svJpVrk5h3hQErk48,4,1Tb8T-MeADLyE0n4svJpVrk5h3hQErk48 | 1Tb8T-MeADLyE0n4svJpVrk5h3hQErk48 | 16WGIA9L7AnQUPayzsP7QRGmyGL6eGETT | 16WGIA9L7AnQUPayzsP7QRGmyGL6eGETT,luento34vt6.pdf | luento34vt6.pdfPDF | luento34vt6.pdf | luento34vt6.pdfPDF,https://drive.google.com/file/d/1Tb8T-MeADLyE0n4svJpVrk5h3hQErk48/view?usp=drivesdk | https://drive.google.com/file/d/1Tb8T-MeADLyE0n4svJpVrk5h3hQErk48/view?usp=drivesdk | https://drive.google.com/file/d/16WGIA9L7AnQUPayzsP7QRGmyGL6eGETT/view?usp=drivesdk | https://drive.google.com/file/d/16WGIA9L7AnQUPayzsP7QRGmyGL6eGETT/view?usp=drivesdk,pdf | preentation
"kertauslumikot|preentation,video","kertaus,lumikot.mp4",14KCH8ujE2LbOI1C0n6-lzHoiAtoic8NH,2,14KCH8ujE2LbOI1C0n6-lzHoiAtoic8NH | 14KCH8ujE2LbOI1C0n6-lzHoiAtoic8NH,"kertaus,lumikot.mp4 | kertaus,lumikot.mp4Video",https://drive.google.com/file/d/14KCH8ujE2LbOI1C0n6-lzHoiAtoic8NH/view?usp=drivesdk | https://drive.google.com/file/d/14KCH8ujE2LbOI1C0n6-lzHoiAtoic8NH/view?usp=drivesdk,video | preentation
"verbejä lumikot|preentation,video","verbejä, lumikot.mp4",1T6wQ7WUdxqWI007cePZnDrPkPw5-M1cN,2,1T6wQ7WUdxqWI007cePZnDrPkPw5-M1cN | 1T6wQ7WUdxqWI007cePZnDrPkPw5-M1cN,"verbejä, lumikot.mp4 | verbejä, lumikot.mp4Video",https://drive.google.com/file/d/1T6wQ7WUdxqWI007cePZnDrPkPw5-M1cN/view?usp=drivesdk | https://drive.google.com/file/d/1T6wQ7WUdxqWI007cePZnDrPkPw5-M1cN/view?usp=drivesdk,video | preentation
"qaruoka|pdf,preentation",qaruoka.pdf,12GIXxPnYXvRhUuW2FBeyPQw45P8w_83N,2,12GIXxPnYXvRhUuW2FBeyPQw45P8w_83N | 12GIXxPnYXvRhUuW2FBeyPQw45P8w_83N,qaruoka.pdf | qaruoka.pdfPDF,https://drive.google.com/file/d/12GIXxPnYXvRhUuW2FBeyPQw45P8w_83N/view?usp=drivesdk | https://drive.google.com/file/d/12GIXxPnYXvRhUuW2FBeyPQw45P8w_83N/view?usp=drivesdk,pdf | preentation
"ruoka lumikot|preentation,video","ruoka, lumikot.mp4",1jSJChlk-E8pNs4ua6hPPKWbb-5FlgOZ9,2,1jSJChlk-E8pNs4ua6hPPKWbb-5FlgOZ9 | 1jSJChlk-E8pNs4ua6hPPKWbb-5FlgOZ9,"ruoka, lumikot.mp4 | ruoka, lumikot.mp4Video",https://drive.google.com/file/d/1jSJChlk-E8pNs4ua6hPPKWbb-5FlgOZ9/view?usp=drivesdk | https://drive.google.com/file/d/1jSJChlk-E8pNs4ua6hPPKWbb-5FlgOZ9/view?usp=drivesdk,video | preentation
"luento31objekti2|pdf,preentation",Luento31objekti2.pdf,1mqdNpU8fW_5xOi6n11GBtf7I8U45VaRc,2,1mqdNpU8fW_5xOi6n11GBtf7I8U45VaRc | 1mqdNpU8fW_5xOi6n11GBtf7I8U45VaRc,Luento31objekti2.pdf | Luento31objekti2.pdfPDF,https://drive.google.com/file/d/1mqdNpU8fW_5xOi6n11GBtf7I8U45VaRc/view?usp=drivesdk | https://drive.google.com/file/d/1mqdNpU8fW_5xOi6n11GBtf7I8U45VaRc/view?usp=drivesdk,pdf | preentation
"objektin sija kaikki|pdf,preentation",OBJEKTIN SIJA Kaikki.pdf,1yNUQWUHIeAExcBcDLYnhvzhE6rKFkvpC,2,1yNUQWUHIeAExcBcDLYnhvzhE6rKFkvpC | 1yNUQWUHIeAExcBcDLYnhvzhE6rKFkvpC,OBJEKTIN SIJA Kaikki.pdf | OBJEKTIN SIJA Kaikki.pdfPDF,https://drive.google.com/file/d/1yNUQWUHIeAExcBcDLYnhvzhE6rKFkvpC/view?usp=drivesdk | https://drive.google.com/file/d/1yNUQWUHIeAExcBcDLYnhvzhE6rKFkvpC/view?usp=drivesdk,pdf | preentation
"lumikot objekti 2|preentation,video",Lumikot Objekti 2.mp4,1bere9XL2kNPWwRUEG3lNBc-WJoAInWBL,2,1bere9XL2kNPWwRUEG3lNBc-WJoAInWBL | 1bere9XL2kNPWwRUEG3lNBc-WJoAInWBL,Lumikot Objekti 2.mp4 | Lumikot Objekti 2.mp4Video,https://drive.google.com/file/d/1bere9XL2kNPWwRUEG3lNBc-WJoAInWBL/view?usp=drivesdk | https://drive.google.com/file/d/1bere9XL2kNPWwRUEG3lNBc-WJoAInWBL/view?usp=drivesdk,video | preentation
"objekti 2 cl 1|pdf,preentation",Objekti 2 CL (1).pdf,1PzHZDKl6I94WpkdamaPLwLGVZPk3SlhQ,2,1PzHZDKl6I94WpkdamaPLwLGVZPk3SlhQ | 1PzHZDKl6I94WpkdamaPLwLGVZPk3SlhQ,Objekti 2 CL (1).pdf | Objekti 2 CL (1).pdfPDF,https://drive.google.com/file/d/1PzHZDKl6I94WpkdamaPLwLGVZPk3SlhQ/view?usp=drivesdk | https://drive.google.com/file/d/1PzHZDKl6I94WpkdamaPLwLGVZPk3SlhQ/view?usp=drivesdk,pdf | preentation
"viikko 8_ ruoka - google docs|google doc?,pdf,preentation",Viikko 8_ Ruoka - Google Docs.pdf,1HYHW6nQ8RDaEw0Wh_phJbt7NxaDxE9yn,2,1HYHW6nQ8RDaEw0Wh_phJbt7NxaDxE9yn | 1HYHW6nQ8RDaEw0Wh_phJbt7NxaDxE9yn,Viikko 8_ Ruoka - Google Docs.pdf | Viikko 8_ Ruoka - Google Docs.pdfPDF,https://drive.google.com/file/d/1HYHW6nQ8RDaEw0Wh_phJbt7NxaDxE9yn/view?usp=drivesdk | https://drive.google.com/file/d/1HYHW6nQ8RDaEw0Wh_phJbt7NxaDxE9yn/view?usp=drivesdk,pdf | google doc? | preentation
"luento34vt6 class|pdf,preentation",luento34vt6 CLASS.pdf,1rJTgeAyXgYm9Sdzhk_5xKf7H_9LFLpCk,2,1rJTgeAyXgYm9Sdzhk_5xKf7H_9LFLpCk | 1rJTgeAyXgYm9Sdzhk_5xKf7H_9LFLpCk,luento34vt6 CLASS.pdf | luento34vt6 CLASS.pdfPDF,https://drive.google.com/file/d/1rJTgeAyXgYm9Sdzhk_5xKf7H_9LFLpCk/view?usp=drivesdk | https://drive.google.com/file/d/1rJTgeAyXgYm9Sdzhk_5xKf7H_9LFLpCk/view?usp=drivesdk,pdf | preentation
"04a ulkonäkö|pdf,preentation",04A Ulkonäkö.pdf,1y5kYjYQ2o5P_D2VJQMO8mlO-JKfnDvv1,2,1y5kYjYQ2o5P_D2VJQMO8mlO-JKfnDvv1 | 1y5kYjYQ2o5P_D2VJQMO8mlO-JKfnDvv1,04A Ulkonäkö.pdf | 04A Ulkonäkö.pdfPDF,https://drive.google.com/file/d/1y5kYjYQ2o5P_D2VJQMO8mlO-JKfnDvv1/view?usp=drivesdk | https://drive.google.com/file/d/1y5kYjYQ2o5P_D2VJQMO8mlO-JKfnDvv1/view?usp=drivesdk,pdf | preentation
"luento30objekti1|pdf,preentation",Luento30objekti1.pdf,1QHa48a3lMgxYe7vXeNEIu3kDxB4sfh-Z,2,1QHa48a3lMgxYe7vXeNEIu3kDxB4sfh-Z | 1QHa48a3lMgxYe7vXeNEIu3kDxB4sfh-Z,Luento30objekti1.pdf | Luento30objekti1.pdfPDF,https://drive.google.com/file/d/1QHa48a3lMgxYe7vXeNEIu3kDxB4sfh-Z/view?usp=drivesdk | https://drive.google.com/file/d/1QHa48a3lMgxYe7vXeNEIu3kDxB4sfh-Z/view?usp=drivesdk,pdf | preentation
"tehtävät|pdf,preentation",tehtävät.pdf,15EDKPh5HRYndQaSThNd1bieIZNPloDEp,2,15EDKPh5HRYndQaSThNd1bieIZNPloDEp | 15EDKPh5HRYndQaSThNd1bieIZNPloDEp,tehtävät.pdf | tehtävät.pdfPDF,https://drive.google.com/file/d/15EDKPh5HRYndQaSThNd1bieIZNPloDEp/view?usp=drivesdk | https://drive.google.com/file/d/15EDKPh5HRYndQaSThNd1bieIZNPloDEp/view?usp=drivesdk,pdf | preentation
"lumikot objekti|preentation,video",Lumikot objekti.mp4,1k4043om363Mx8VUqfCyJQ5xEV2LHX1wb,2,1k4043om363Mx8VUqfCyJQ5xEV2LHX1wb | 1k4043om363Mx8VUqfCyJQ5xEV2LHX1wb,Lumikot objekti.mp4 | Lumikot objekti.mp4Video,https://drive.google.com/file/d/1k4043om363Mx8VUqfCyJQ5xEV2LHX1wb/view?usp=drivesdk | https://drive.google.com/file/d/1k4043om363Mx8VUqfCyJQ5xEV2LHX1wb/view?usp=drivesdk,video | preentation
"ainesanat ja monikon partitiivi|pdf,preentation",Ainesanat ja Monikon partitiivi.pdf,1a47rSsTiYfYjNBcCYlxmVSPDPRKXHHOk,4,1a47rSsTiYfYjNBcCYlxmVSPDPRKXHHOk | 1a47rSsTiYfYjNBcCYlxmVSPDPRKXHHOk | 1-dUPNru-2_5o4ihQ4wrpsu14B01zZ6zt | 1-dUPNru-2_5o4ihQ4wrpsu14B01zZ6zt,Ainesanat ja Monikon partitiivi.pdf | Ainesanat ja Monikon partitiivi.pdfPDF | Ainesanat ja Monikon partitiivi.pdf | Ainesanat ja Monikon partitiivi.pdfPDF,https://drive.google.com/file/d/1a47rSsTiYfYjNBcCYlxmVSPDPRKXHHOk/view?usp=drivesdk | https://drive.google.com/file/d/1a47rSsTiYfYjNBcCYlxmVSPDPRKXHHOk/view?usp=drivesdk | https://drive.google.com/file/d/1-dUPNru-2_5o4ihQ4wrpsu14B01zZ6zt/view?usp=drivesdk | https://drive.google.com/file/d/1-dUPNru-2_5o4ihQ4wrpsu14B01zZ6zt/view?usp=drivesdk,pdf | preentation
"t3 monikon partitiivi|pdf,preentation",T3 Monikon partitiivi.pdf,1fE4QGCkOsUqfyjnDn6DYxWQ543YK9qPN,2,1fE4QGCkOsUqfyjnDn6DYxWQ543YK9qPN | 1fE4QGCkOsUqfyjnDn6DYxWQ543YK9qPN,T3 Monikon partitiivi.pdf | T3 Monikon partitiivi.pdfPDF,https://drive.google.com/file/d/1fE4QGCkOsUqfyjnDn6DYxWQ543YK9qPN/view?usp=drivesdk | https://drive.google.com/file/d/1fE4QGCkOsUqfyjnDn6DYxWQ543YK9qPN/view?usp=drivesdk,pdf | preentation
"monikon partitiivi lumikot|preentation,video","monikon partitiivi, lumikot.mp4",1Mn0JtFnSOhJ9yXcQOWXHktaA8zjX933U,2,1Mn0JtFnSOhJ9yXcQOWXHktaA8zjX933U | 1Mn0JtFnSOhJ9yXcQOWXHktaA8zjX933U,"monikon partitiivi, lumikot.mp4 | monikon partitiivi, lumikot.mp4Video",https://drive.google.com/file/d/1Mn0JtFnSOhJ9yXcQOWXHktaA8zjX933U/view?usp=drivesdk | https://drive.google.com/file/d/1Mn0JtFnSOhJ9yXcQOWXHktaA8zjX933U/view?usp=drivesdk,video | preentation
"tehtävä 1_ kappalesanant vs ainesanat|pdf,preentation",Tehtävä 1_ Kappalesanant vs ainesanat.pdf,1vjbm9W8_Uajdi2R0mIR19_sIRqN2FA-P,2,1vjbm9W8_Uajdi2R0mIR19_sIRqN2FA-P | 1vjbm9W8_Uajdi2R0mIR19_sIRqN2FA-P,Tehtävä 1_ Kappalesanant vs ainesanat.pdf | Tehtävä 1_ Kappalesanant vs ainesanat.pdfPDF,https://drive.google.com/file/d/1vjbm9W8_Uajdi2R0mIR19_sIRqN2FA-P/view?usp=drivesdk | https://drive.google.com/file/d/1vjbm9W8_Uajdi2R0mIR19_sIRqN2FA-P/view?usp=drivesdk,pdf | preentation
"ainesana vai partitivii vai mitä ihmettä|pdf,preentation",ainesana vai partitivii vai mitä ihmettä.pdf,1MyRkKqXydAZ-WIy9Aw24VHtqtJX9HW6X,2,1MyRkKqXydAZ-WIy9Aw24VHtqtJX9HW6X | 1MyRkKqXydAZ-WIy9Aw24VHtqtJX9HW6X,ainesana vai partitivii vai mitä ihmettä.pdf | ainesana vai partitivii vai mitä ihmettä.pdfPDF,https://drive.google.com/file/d/1MyRkKqXydAZ-WIy9Aw24VHtqtJX9HW6X/view?usp=drivesdk | https://drive.google.com/file/d/1MyRkKqXydAZ-WIy9Aw24VHtqtJX9HW6X/view?usp=drivesdk,pdf | preentation
"ainesanojen partitiivi lumikot|preentation,video",Ainesanojen partitiivi Lumikot.mp4,1eBTD1w8Lkmpl_7R32eM-URa-oByRPSuC,2,1eBTD1w8Lkmpl_7R32eM-URa-oByRPSuC | 1eBTD1w8Lkmpl_7R32eM-URa-oByRPSuC,Ainesanojen partitiivi Lumikot.mp4 | Ainesanojen partitiivi Lumikot.mp4Video,https://drive.google.com/file/d/1eBTD1w8Lkmpl_7R32eM-URa-oByRPSuC/view?usp=drivesdk | https://drive.google.com/file/d/1eBTD1w8Lkmpl_7R32eM-URa-oByRPSuC/view?usp=drivesdk,video | preentation
"menneet lumikot|preentation,video",menneet lumikot.mp4,1rwz_xOtBdoAMfIrKTuQ7fKZ2TOA52y8H,2,1rwz_xOtBdoAMfIrKTuQ7fKZ2TOA52y8H | 1rwz_xOtBdoAMfIrKTuQ7fKZ2TOA52y8H,menneet lumikot.mp4 | menneet lumikot.mp4Video,https://drive.google.com/file/d/1rwz_xOtBdoAMfIrKTuQ7fKZ2TOA52y8H/view?usp=drivesdk | https://drive.google.com/file/d/1rwz_xOtBdoAMfIrKTuQ7fKZ2TOA52y8H/view?usp=drivesdk,video | preentation
"viikko 11_ muistellaan menneitä imperfekti - google docs|google doc?,pdf,preentation",Viikko 11_ Muistellaan menneitä (imperfekti) - Google Docs.pdf,1Ha9NZIu7h5OE1Y5CgRVdsWIk7POAC_Wf,2,1Ha9NZIu7h5OE1Y5CgRVdsWIk7POAC_Wf | 1Ha9NZIu7h5OE1Y5CgRVdsWIk7POAC_Wf,Viikko 11_ Muistellaan menneitä (imperfekti) - Google Docs.pdf | Viikko 11_ Muistellaan menneitä (imperfekti) - Google Docs.pdfPDF,https://drive.google.com/file/d/1Ha9NZIu7h5OE1Y5CgRVdsWIk7POAC_Wf/view?usp=drivesdk | https://drive.google.com/file/d/1Ha9NZIu7h5OE1Y5CgRVdsWIk7POAC_Wf/view?usp=drivesdk,pdf | google doc? | preentation
"29 monikon partitiivi class|pdf,preentation",29 Monikon partitiivi CLASS.pdf,1acEyBF54U6lNnGtsT0EwN2L5Xr9CLVoR,2,1acEyBF54U6lNnGtsT0EwN2L5Xr9CLVoR | 1acEyBF54U6lNnGtsT0EwN2L5Xr9CLVoR,29 Monikon partitiivi CLASS.pdf | 29 Monikon partitiivi CLASS.pdfPDF,https://drive.google.com/file/d/1acEyBF54U6lNnGtsT0EwN2L5Xr9CLVoR/view?usp=drivesdk | https://drive.google.com/file/d/1acEyBF54U6lNnGtsT0EwN2L5Xr9CLVoR/view?usp=drivesdk,pdf | preentation
"objekti 1 cl|pdf,preentation",Objekti 1 CL.pdf,1NkpE55Q7o2gAMFPZYMiFnenxa0ho8Tqu,2,1NkpE55Q7o2gAMFPZYMiFnenxa0ho8Tqu | 1NkpE55Q7o2gAMFPZYMiFnenxa0ho8Tqu,Objekti 1 CL.pdf | Objekti 1 CL.pdfPDF,https://drive.google.com/file/d/1NkpE55Q7o2gAMFPZYMiFnenxa0ho8Tqu/view?usp=drivesdk | https://drive.google.com/file/d/1NkpE55Q7o2gAMFPZYMiFnenxa0ho8Tqu/view?usp=drivesdk,pdf | preentation
"03b kaupat - google docs|google doc?,pdf,preentation",03B. Kaupat - Google Docs.pdf,1aXbBTKcU_TF0NsAuQ0BVbu6cyo0b67O2,2,1aXbBTKcU_TF0NsAuQ0BVbu6cyo0b67O2 | 1aXbBTKcU_TF0NsAuQ0BVbu6cyo0b67O2,03B. Kaupat - Google Docs.pdf | 03B. Kaupat - Google Docs.pdfPDF,https://drive.google.com/file/d/1aXbBTKcU_TF0NsAuQ0BVbu6cyo0b67O2/view?usp=drivesdk | https://drive.google.com/file/d/1aXbBTKcU_TF0NsAuQ0BVbu6cyo0b67O2/view?usp=drivesdk,pdf | google doc? | preentation
"imperfekti 2 lumikot|preentation,video","imperfekti 2, lumikot.mp4",1nqXe-onepjIQnLW8YALJqVTXmvfC5KEg,2,1nqXe-onepjIQnLW8YALJqVTXmvfC5KEg | 1nqXe-onepjIQnLW8YALJqVTXmvfC5KEg,"imperfekti 2, lumikot.mp4 | imperfekti 2, lumikot.mp4Video",https://drive.google.com/file/d/1nqXe-onepjIQnLW8YALJqVTXmvfC5KEg/view?usp=drivesdk | https://drive.google.com/file/d/1nqXe-onepjIQnLW8YALJqVTXmvfC5KEg/view?usp=drivesdk,video | preentation
"vapaa-aika ja konditionaali lumikot|preentation,video","vapaa-aika ja konditionaali, lumikot.mp4",1UvbaguHoUUGxFAtBDQtbdWZHAijzgfSs,2,1UvbaguHoUUGxFAtBDQtbdWZHAijzgfSs | 1UvbaguHoUUGxFAtBDQtbdWZHAijzgfSs,"vapaa-aika ja konditionaali, lumikot.mp4 | vapaa-aika ja konditionaali, lumikot.mp4Video",https://drive.google.com/file/d/1UvbaguHoUUGxFAtBDQtbdWZHAijzgfSs/view?usp=drivesdk | https://drive.google.com/file/d/1UvbaguHoUUGxFAtBDQtbdWZHAijzgfSs/view?usp=drivesdk,video | preentation
"konditionaali class|pdf,preentation",Konditionaali CLASS.pdf,1RDqQFq6JfoWiSK-VNKosIiMBIbhmpmkN,4,1RDqQFq6JfoWiSK-VNKosIiMBIbhmpmkN | 1RDqQFq6JfoWiSK-VNKosIiMBIbhmpmkN | 1SbNc2TYYs0uNXd2wHeliIt-WKdW29duD | 1SbNc2TYYs0uNXd2wHeliIt-WKdW29duD,Konditionaali CLASS.pdf | Konditionaali CLASS.pdfPDF | Konditionaali CLASS.pdf | Konditionaali CLASS.pdfPDF,https://drive.google.com/file/d/1RDqQFq6JfoWiSK-VNKosIiMBIbhmpmkN/view?usp=drivesdk | https://drive.google.com/file/d/1RDqQFq6JfoWiSK-VNKosIiMBIbhmpmkN/view?usp=drivesdk | https://drive.google.com/file/d/1SbNc2TYYs0uNXd2wHeliIt-WKdW29duD/view?usp=drivesdk | https://drive.google.com/file/d/1SbNc2TYYs0uNXd2wHeliIt-WKdW29duD/view?usp=drivesdk,pdf | preentation
"27 konditionaali tehtävä1|pdf,preentation",27 Konditionaali tehtävä1.pdf,1yvapi3W5s668ShkqbdbdSAyGBGTZzsdM,2,1yvapi3W5s668ShkqbdbdSAyGBGTZzsdM | 1yvapi3W5s668ShkqbdbdSAyGBGTZzsdM,27 Konditionaali tehtävä1.pdf | 27 Konditionaali tehtävä1.pdfPDF,https://drive.google.com/file/d/1yvapi3W5s668ShkqbdbdSAyGBGTZzsdM/view?usp=drivesdk | https://drive.google.com/file/d/1yvapi3W5s668ShkqbdbdSAyGBGTZzsdM/view?usp=drivesdk,pdf | preentation
"27 konditionaali tehtävä2|pdf,preentation",27 konditionaali tehtävä2.pdf,1YRjDi7AjSxFyXdMrnIkhIe4A8FID0bqW,2,1YRjDi7AjSxFyXdMrnIkhIe4A8FID0bqW | 1YRjDi7AjSxFyXdMrnIkhIe4A8FID0bqW,27 konditionaali tehtävä2.pdf | 27 konditionaali tehtävä2.pdfPDF,https://drive.google.com/file/d/1YRjDi7AjSxFyXdMrnIkhIe4A8FID0bqW/view?usp=drivesdk | https://drive.google.com/file/d/1YRjDi7AjSxFyXdMrnIkhIe4A8FID0bqW/view?usp=drivesdk,pdf | preentation
"konditionaali lumikot|preentation,video","konditionaali, lumikot.mp4",1hWFcs4eR7YoPzx97kxwypM94fOqwY6pI,2,1hWFcs4eR7YoPzx97kxwypM94fOqwY6pI | 1hWFcs4eR7YoPzx97kxwypM94fOqwY6pI,"konditionaali, lumikot.mp4 | konditionaali, lumikot.mp4Video",https://drive.google.com/file/d/1hWFcs4eR7YoPzx97kxwypM94fOqwY6pI/view?usp=drivesdk | https://drive.google.com/file/d/1hWFcs4eR7YoPzx97kxwypM94fOqwY6pI/view?usp=drivesdk,video | preentation
"viikko 10_ vapaa-aika konditionaali - google docs|google doc?,pdf,preentation","Viikko 10_ Vapaa-aika, konditionaali - Google Docs.pdf",1nO5z4Tn4SVwBXTdLntbRT8jDixmwW8vA,2,1nO5z4Tn4SVwBXTdLntbRT8jDixmwW8vA | 1nO5z4Tn4SVwBXTdLntbRT8jDixmwW8vA,"Viikko 10_ Vapaa-aika, konditionaali - Google Docs.pdf | Viikko 10_ Vapaa-aika, konditionaali - Google Docs.pdfPDF",https://drive.google.com/file/d/1nO5z4Tn4SVwBXTdLntbRT8jDixmwW8vA/view?usp=drivesdk | https://drive.google.com/file/d/1nO5z4Tn4SVwBXTdLntbRT8jDixmwW8vA/view?usp=drivesdk,pdf | google doc? | preentation
"01a minä|pdf,preentation",01A. Minä.pdf,17iQ-uWzfpEp8YNSpzEyf_CinrhPNX4bG,2,17iQ-uWzfpEp8YNSpzEyf_CinrhPNX4bG | 17iQ-uWzfpEp8YNSpzEyf_CinrhPNX4bG,01A. Minä.pdf | 01A. Minä.pdfPDF,https://drive.google.com/file/d/17iQ-uWzfpEp8YNSpzEyf_CinrhPNX4bG/view?usp=drivesdk | https://drive.google.com/file/d/17iQ-uWzfpEp8YNSpzEyf_CinrhPNX4bG/view?usp=drivesdk,pdf | preentation
"03a ruoka - google docs|google doc?,pdf,preentation",03A. Ruoka - Google Docs.pdf,1azE7YbjpL58b0bLU3wYTWgXjwIgLRv2f,2,1azE7YbjpL58b0bLU3wYTWgXjwIgLRv2f | 1azE7YbjpL58b0bLU3wYTWgXjwIgLRv2f,03A. Ruoka - Google Docs.pdf | 03A. Ruoka - Google Docs.pdfPDF,https://drive.google.com/file/d/1azE7YbjpL58b0bLU3wYTWgXjwIgLRv2f/view?usp=drivesdk | https://drive.google.com/file/d/1azE7YbjpL58b0bLU3wYTWgXjwIgLRv2f/view?usp=drivesdk,pdf | google doc? | preentation
"lesson massa_masta_maan class|pdf,preentation",Lesson massa_masta_maan CLASS.pdf,10fjdkwYnFGaWoxBwz2odIBXbHTN3WOXU,4,10fjdkwYnFGaWoxBwz2odIBXbHTN3WOXU | 10fjdkwYnFGaWoxBwz2odIBXbHTN3WOXU | 1YEETZaBNU4-hI9pkVCzz9A3hCJ9Pydha | 1YEETZaBNU4-hI9pkVCzz9A3hCJ9Pydha,Lesson massa_masta_maan CLASS.pdf | Lesson massa_masta_maan CLASS.pdfPDF | Lesson massa_masta_maan CLASS.pdf | Lesson massa_masta_maan CLASS.pdfPDF,https://drive.google.com/file/d/10fjdkwYnFGaWoxBwz2odIBXbHTN3WOXU/view?usp=drivesdk | https://drive.google.com/file/d/10fjdkwYnFGaWoxBwz2odIBXbHTN3WOXU/view?usp=drivesdk | https://drive.google.com/file/d/1YEETZaBNU4-hI9pkVCzz9A3hCJ9Pydha/view?usp=drivesdk | https://drive.google.com/file/d/1YEETZaBNU4-hI9pkVCzz9A3hCJ9Pydha/view?usp=drivesdk,pdf | preentation
"25_massa_masta_maan_t1|pdf,preentation",25_massa_masta_maan_T1.pdf,15laxK1DkwvZEWJ4qOa2En02_P9OpR1ZC,2,15laxK1DkwvZEWJ4qOa2En02_P9OpR1ZC | 15laxK1DkwvZEWJ4qOa2En02_P9OpR1ZC,25_massa_masta_maan_T1.pdf | 25_massa_masta_maan_T1.pdfPDF,https://drive.google.com/file/d/15laxK1DkwvZEWJ4qOa2En02_P9OpR1ZC/view?usp=drivesdk | https://drive.google.com/file/d/15laxK1DkwvZEWJ4qOa2En02_P9OpR1ZC/view?usp=drivesdk,pdf | preentation
"ma-muodot lumikot|preentation,video","ma-muodot, lumikot.mp4",1wbqKE0uAjrg_Af1BiGmJ9jR6QUDbkUFk,2,1wbqKE0uAjrg_Af1BiGmJ9jR6QUDbkUFk | 1wbqKE0uAjrg_Af1BiGmJ9jR6QUDbkUFk,"ma-muodot, lumikot.mp4 | ma-muodot, lumikot.mp4Video",https://drive.google.com/file/d/1wbqKE0uAjrg_Af1BiGmJ9jR6QUDbkUFk/view?usp=drivesdk | https://drive.google.com/file/d/1wbqKE0uAjrg_Af1BiGmJ9jR6QUDbkUFk/view?usp=drivesdk,video | preentation
"luento26imperatiivi|pdf,preentation",Luento26imperatiivi.pdf,1A-TKTeVzxN6i0HHlgoW2Lt93X007nNkt,2,1A-TKTeVzxN6i0HHlgoW2Lt93X007nNkt | 1A-TKTeVzxN6i0HHlgoW2Lt93X007nNkt,Luento26imperatiivi.pdf | Luento26imperatiivi.pdfPDF,https://drive.google.com/file/d/1A-TKTeVzxN6i0HHlgoW2Lt93X007nNkt/view?usp=drivesdk | https://drive.google.com/file/d/1A-TKTeVzxN6i0HHlgoW2Lt93X007nNkt/view?usp=drivesdk,pdf | preentation
"mitä he sanovat|pdf,preentation",Mitä he sanovat.pdf,1Zag7AAShysIkZeSwLgBIx8vyb6GXoTdD,2,1Zag7AAShysIkZeSwLgBIx8vyb6GXoTdD | 1Zag7AAShysIkZeSwLgBIx8vyb6GXoTdD,Mitä he sanovat.pdf | Mitä he sanovat.pdfPDF,https://drive.google.com/file/d/1Zag7AAShysIkZeSwLgBIx8vyb6GXoTdD/view?usp=drivesdk | https://drive.google.com/file/d/1Zag7AAShysIkZeSwLgBIx8vyb6GXoTdD/view?usp=drivesdk,pdf | preentation
"lumikot imperatiivi|preentation,video",Lumikot imperatiivi.mp4,1W2OaJbmV3lvXkxTodC4TWAkOQUCyUYU3,2,1W2OaJbmV3lvXkxTodC4TWAkOQUCyUYU3 | 1W2OaJbmV3lvXkxTodC4TWAkOQUCyUYU3,Lumikot imperatiivi.mp4 | Lumikot imperatiivi.mp4Video,https://drive.google.com/file/d/1W2OaJbmV3lvXkxTodC4TWAkOQUCyUYU3/view?usp=drivesdk | https://drive.google.com/file/d/1W2OaJbmV3lvXkxTodC4TWAkOQUCyUYU3/view?usp=drivesdk,video | preentation
"tehtävä 1 - imperfekti|pdf,preentation",Tehtävä 1 - imperfekti.pdf,1ign3RS9oYx-5jo9DQN8RSTL2BoL-UqCI,2,1ign3RS9oYx-5jo9DQN8RSTL2BoL-UqCI | 1ign3RS9oYx-5jo9DQN8RSTL2BoL-UqCI,Tehtävä 1 - imperfekti.pdf | Tehtävä 1 - imperfekti.pdfPDF,https://drive.google.com/file/d/1ign3RS9oYx-5jo9DQN8RSTL2BoL-UqCI/view?usp=drivesdk | https://drive.google.com/file/d/1ign3RS9oYx-5jo9DQN8RSTL2BoL-UqCI/view?usp=drivesdk,pdf | preentation
"tehtävä 2 - imperfekti|pdf,preentation",Tehtävä 2 - imperfekti.pdf,1taoXUZ3eMTmNeyc_F60ZQaLk6IQyXolH,2,1taoXUZ3eMTmNeyc_F60ZQaLk6IQyXolH | 1taoXUZ3eMTmNeyc_F60ZQaLk6IQyXolH,Tehtävä 2 - imperfekti.pdf | Tehtävä 2 - imperfekti.pdfPDF,https://drive.google.com/file/d/1taoXUZ3eMTmNeyc_F60ZQaLk6IQyXolH/view?usp=drivesdk | https://drive.google.com/file/d/1taoXUZ3eMTmNeyc_F60ZQaLk6IQyXolH/view?usp=drivesdk,pdf | preentation
"lumikot imperfekti 1|preentation,video",Lumikot imperfekti 1.mp4,1H3g7EH58it0Q_c0jgEn3oq3uA2Xz_oH1,2,1H3g7EH58it0Q_c0jgEn3oq3uA2Xz_oH1 | 1H3g7EH58it0Q_c0jgEn3oq3uA2Xz_oH1,Lumikot imperfekti 1.mp4 | Lumikot imperfekti 1.mp4Video,https://drive.google.com/file/d/1H3g7EH58it0Q_c0jgEn3oq3uA2Xz_oH1/view?usp=drivesdk | https://drive.google.com/file/d/1H3g7EH58it0Q_c0jgEn3oq3uA2Xz_oH1/view?usp=drivesdk,video | preentation
"lempparit ja tunteet lumikot|preentation,video","lempparit ja tunteet, lumikot.mp4",1eeii9bbSlFwYkjA_EarmnEG5wRUJuPGz,2,1eeii9bbSlFwYkjA_EarmnEG5wRUJuPGz | 1eeii9bbSlFwYkjA_EarmnEG5wRUJuPGz,"lempparit ja tunteet, lumikot.mp4 | lempparit ja tunteet, lumikot.mp4Video",https://drive.google.com/file/d/1eeii9bbSlFwYkjA_EarmnEG5wRUJuPGz/view?usp=drivesdk | https://drive.google.com/file/d/1eeii9bbSlFwYkjA_EarmnEG5wRUJuPGz/view?usp=drivesdk,video | preentation
"viikko 9_ lemppareita ja tunteita - google docs|google doc?,pdf,preentation",Viikko 9_ Lemppareita ja tunteita - Google Docs.pdf,1v7lc_t1UZA_Mbv2GkIj3OPqYoViFLMJU,2,1v7lc_t1UZA_Mbv2GkIj3OPqYoViFLMJU | 1v7lc_t1UZA_Mbv2GkIj3OPqYoViFLMJU,Viikko 9_ Lemppareita ja tunteita - Google Docs.pdf | Viikko 9_ Lemppareita ja tunteita - Google Docs.pdfPDF,https://drive.google.com/file/d/1v7lc_t1UZA_Mbv2GkIj3OPqYoViFLMJU/view?usp=drivesdk | https://drive.google.com/file/d/1v7lc_t1UZA_Mbv2GkIj3OPqYoViFLMJU/view?usp=drivesdk,pdf | google doc? | preentation
"luento24imperfekti1 class 2|pdf,preentation",luento24imperfekti1 CLASS (2).pdf,1OSGfJsUXb83rmo6jqUjPEn9GvzLZnNoj,2,1OSGfJsUXb83rmo6jqUjPEn9GvzLZnNoj | 1OSGfJsUXb83rmo6jqUjPEn9GvzLZnNoj,luento24imperfekti1 CLASS (2).pdf | luento24imperfekti1 CLASS (2).pdfPDF,https://drive.google.com/file/d/1OSGfJsUXb83rmo6jqUjPEn9GvzLZnNoj/view?usp=drivesdk | https://drive.google.com/file/d/1OSGfJsUXb83rmo6jqUjPEn9GvzLZnNoj/view?usp=drivesdk,pdf | preentation
"imperatiivi class|pdf,preentation",Imperatiivi CLASS.pdf,15c2VTIP4kE_4S8oYu-qt9bpRCmmqdwXR,2,15c2VTIP4kE_4S8oYu-qt9bpRCmmqdwXR | 15c2VTIP4kE_4S8oYu-qt9bpRCmmqdwXR,Imperatiivi CLASS.pdf | Imperatiivi CLASS.pdfPDF,https://drive.google.com/file/d/15c2VTIP4kE_4S8oYu-qt9bpRCmmqdwXR/view?usp=drivesdk | https://drive.google.com/file/d/15c2VTIP4kE_4S8oYu-qt9bpRCmmqdwXR/view?usp=drivesdk,pdf | preentation
"luento23mielipide|pdf,preentation",Luento23mielipide.pdf,1nd1WhuHfT__liB3SRQoIxieVdhq49m15,2,1nd1WhuHfT__liB3SRQoIxieVdhq49m15 | 1nd1WhuHfT__liB3SRQoIxieVdhq49m15,Luento23mielipide.pdf | Luento23mielipide.pdfPDF,https://drive.google.com/file/d/1nd1WhuHfT__liB3SRQoIxieVdhq49m15/view?usp=drivesdk | https://drive.google.com/file/d/1nd1WhuHfT__liB3SRQoIxieVdhq49m15/view?usp=drivesdk,pdf | preentation
"ryhmässä lempi ja tykkää|pdf,preentation",ryhmässä lempi ja tykkää.pdf,1CHCyBxzQpa41tpLbwWx8KMWig30s6DWb,2,1CHCyBxzQpa41tpLbwWx8KMWig30s6DWb | 1CHCyBxzQpa41tpLbwWx8KMWig30s6DWb,ryhmässä lempi ja tykkää.pdf | ryhmässä lempi ja tykkää.pdfPDF,https://drive.google.com/file/d/1CHCyBxzQpa41tpLbwWx8KMWig30s6DWb/view?usp=drivesdk | https://drive.google.com/file/d/1CHCyBxzQpa41tpLbwWx8KMWig30s6DWb/view?usp=drivesdk,pdf | preentation
"kirjoita sanat mielipide|pdf,preentation",kirjoita sanat mielipide.pdf,1z7vrFkUzYLxpSsMKbtixwIeTq4SLlAX8,2,1z7vrFkUzYLxpSsMKbtixwIeTq4SLlAX8 | 1z7vrFkUzYLxpSsMKbtixwIeTq4SLlAX8,kirjoita sanat mielipide.pdf | kirjoita sanat mielipide.pdfPDF,https://drive.google.com/file/d/1z7vrFkUzYLxpSsMKbtixwIeTq4SLlAX8/view?usp=drivesdk | https://drive.google.com/file/d/1z7vrFkUzYLxpSsMKbtixwIeTq4SLlAX8/view?usp=drivesdk,pdf | preentation
"mitä mieltä lumikoista|preentation,video",Mitä mieltä lumikoista.mp4,1hD3PSkffd3XErFnpF1iKcynmdahETGMm,2,1hD3PSkffd3XErFnpF1iKcynmdahETGMm | 1hD3PSkffd3XErFnpF1iKcynmdahETGMm,Mitä mieltä lumikoista.mp4 | Mitä mieltä lumikoista.mp4Video,https://drive.google.com/file/d/1hD3PSkffd3XErFnpF1iKcynmdahETGMm/view?usp=drivesdk | https://drive.google.com/file/d/1hD3PSkffd3XErFnpF1iKcynmdahETGMm/view?usp=drivesdk,video | preentation
"luento19sanatyypit1|pdf,preentation",Luento19sanatyypit1.pdf,1uqULGBNHT9nLpyr8x1PZbYHM8h63o8do,2,1uqULGBNHT9nLpyr8x1PZbYHM8h63o8do | 1uqULGBNHT9nLpyr8x1PZbYHM8h63o8do,Luento19sanatyypit1.pdf | Luento19sanatyypit1.pdfPDF,https://drive.google.com/file/d/1uqULGBNHT9nLpyr8x1PZbYHM8h63o8do/view?usp=drivesdk | https://drive.google.com/file/d/1uqULGBNHT9nLpyr8x1PZbYHM8h63o8do/view?usp=drivesdk,pdf | preentation
"tavalliset e nen ja asäs|pdf,preentation",tavalliset e nen ja asäs.pdf,1WZQ3XrtX94eNSLl58mrcd3PUMzWvqt4c,2,1WZQ3XrtX94eNSLl58mrcd3PUMzWvqt4c | 1WZQ3XrtX94eNSLl58mrcd3PUMzWvqt4c,tavalliset e nen ja asäs.pdf | tavalliset e nen ja asäs.pdfPDF,https://drive.google.com/file/d/1WZQ3XrtX94eNSLl58mrcd3PUMzWvqt4c/view?usp=drivesdk | https://drive.google.com/file/d/1WZQ3XrtX94eNSLl58mrcd3PUMzWvqt4c/view?usp=drivesdk,pdf | preentation
"sanatyypit 1 lumikot|preentation,video",Sanatyypit 1 Lumikot.mp4,1m386nuqso1EC5QE-pnkQ0eOJyOPZtmZ_,2,1m386nuqso1EC5QE-pnkQ0eOJyOPZtmZ_ | 1m386nuqso1EC5QE-pnkQ0eOJyOPZtmZ_,Sanatyypit 1 Lumikot.mp4 | Sanatyypit 1 Lumikot.mp4Video,https://drive.google.com/file/d/1m386nuqso1EC5QE-pnkQ0eOJyOPZtmZ_/view?usp=drivesdk | https://drive.google.com/file/d/1m386nuqso1EC5QE-pnkQ0eOJyOPZtmZ_/view?usp=drivesdk,video | preentation
"luento20sanatyypit2 class|pdf,preentation",luento20sanatyypit2 CLASS.pdf,1qK_jMED8hHuMatPrU40-3Adj6fwISkXT,4,1qK_jMED8hHuMatPrU40-3Adj6fwISkXT | 1qK_jMED8hHuMatPrU40-3Adj6fwISkXT | 1MtYIZ0FXREwsdRLJUv5muoHYFuGLR1lY | 1MtYIZ0FXREwsdRLJUv5muoHYFuGLR1lY,luento20sanatyypit2 CLASS.pdf | luento20sanatyypit2 CLASS.pdfPDF | luento20sanatyypit2 CLASS.pdf | luento20sanatyypit2 CLASS.pdfPDF,https://drive.google.com/file/d/1qK_jMED8hHuMatPrU40-3Adj6fwISkXT/view?usp=drivesdk | https://drive.google.com/file/d/1qK_jMED8hHuMatPrU40-3Adj6fwISkXT/view?usp=drivesdk | https://drive.google.com/file/d/1MtYIZ0FXREwsdRLJUv5muoHYFuGLR1lY/view?usp=drivesdk | https://drive.google.com/file/d/1MtYIZ0FXREwsdRLJUv5muoHYFuGLR1lY/view?usp=drivesdk,pdf | preentation
"i tyypit|pdf,preentation",i tyypit.pdf,1EJtoVGmWrD61NNnVH1zY5DhdfreFbt99,2,1EJtoVGmWrD61NNnVH1zY5DhdfreFbt99 | 1EJtoVGmWrD61NNnVH1zY5DhdfreFbt99,i tyypit.pdf | i tyypit.pdfPDF,https://drive.google.com/file/d/1EJtoVGmWrD61NNnVH1zY5DhdfreFbt99/view?usp=drivesdk | https://drive.google.com/file/d/1EJtoVGmWrD61NNnVH1zY5DhdfreFbt99/view?usp=drivesdk,pdf | preentation
"sanatyypit 2 lumikot|preentation,video",Sanatyypit 2 Lumikot.mp4,1j5rc4LXTFcBXPQH8hFKgFdpNOkRQO8ef,2,1j5rc4LXTFcBXPQH8hFKgFdpNOkRQO8ef | 1j5rc4LXTFcBXPQH8hFKgFdpNOkRQO8ef,Sanatyypit 2 Lumikot.mp4 | Sanatyypit 2 Lumikot.mp4Video,https://drive.google.com/file/d/1j5rc4LXTFcBXPQH8hFKgFdpNOkRQO8ef/view?usp=drivesdk | https://drive.google.com/file/d/1j5rc4LXTFcBXPQH8hFKgFdpNOkRQO8ef/view?usp=drivesdk,video | preentation
"sanatyypit|pdf,preentation",sanatyypit.pdf,1VbqIXAwKnZOfZi-y76uhZsEbAfa5UF6f,2,1VbqIXAwKnZOfZi-y76uhZsEbAfa5UF6f | 1VbqIXAwKnZOfZi-y76uhZsEbAfa5UF6f,sanatyypit.pdf | sanatyypit.pdfPDF,https://drive.google.com/file/d/1VbqIXAwKnZOfZi-y76uhZsEbAfa5UF6f/view?usp=drivesdk | https://drive.google.com/file/d/1VbqIXAwKnZOfZi-y76uhZsEbAfa5UF6f/view?usp=drivesdk,pdf | preentation
"lumikot asuminen spoken|preentation,video",Lumikot Asuminen spoken.mp4,1BFLEaKdelw6wb8EgqGeXJgRijK-m3wUq,2,1BFLEaKdelw6wb8EgqGeXJgRijK-m3wUq | 1BFLEaKdelw6wb8EgqGeXJgRijK-m3wUq,Lumikot Asuminen spoken.mp4 | Lumikot Asuminen spoken.mp4Video,https://drive.google.com/file/d/1BFLEaKdelw6wb8EgqGeXJgRijK-m3wUq/view?usp=drivesdk | https://drive.google.com/file/d/1BFLEaKdelw6wb8EgqGeXJgRijK-m3wUq/view?usp=drivesdk,video | preentation
"spoken 6|pdf,preentation",Spoken 6.pdf,14y4UL3AvWWvJ-F3WMasr3MHs0hH3J8ga,2,14y4UL3AvWWvJ-F3WMasr3MHs0hH3J8ga | 14y4UL3AvWWvJ-F3WMasr3MHs0hH3J8ga,Spoken 6.pdf | Spoken 6.pdfPDF,https://drive.google.com/file/d/14y4UL3AvWWvJ-F3WMasr3MHs0hH3J8ga/view?usp=drivesdk | https://drive.google.com/file/d/14y4UL3AvWWvJ-F3WMasr3MHs0hH3J8ga/view?usp=drivesdk,pdf | preentation
"luento19anatyypit1 class|pdf,preentation",Luento19anatyypit1 CLASS.pdf,1RK7nDlHZ8hXUeJLKSpW2SlS4Zz_LiuRs,2,1RK7nDlHZ8hXUeJLKSpW2SlS4Zz_LiuRs | 1RK7nDlHZ8hXUeJLKSpW2SlS4Zz_LiuRs,Luento19anatyypit1 CLASS.pdf | Luento19anatyypit1 CLASS.pdfPDF,https://drive.google.com/file/d/1RK7nDlHZ8hXUeJLKSpW2SlS4Zz_LiuRs/view?usp=drivesdk | https://drive.google.com/file/d/1RK7nDlHZ8hXUeJLKSpW2SlS4Zz_LiuRs/view?usp=drivesdk,pdf | preentation
"luento23mielipide class|pdf,preentation",Luento23mielipide CLASS.pdf,1wqfz0TDoNPaM6AdF2XyYVNp4IrlwVG_x,2,1wqfz0TDoNPaM6AdF2XyYVNp4IrlwVG_x | 1wqfz0TDoNPaM6AdF2XyYVNp4IrlwVG_x,Luento23mielipide CLASS.pdf | Luento23mielipide CLASS.pdfPDF,https://drive.google.com/file/d/1wqfz0TDoNPaM6AdF2XyYVNp4IrlwVG_x/view?usp=drivesdk | https://drive.google.com/file/d/1wqfz0TDoNPaM6AdF2XyYVNp4IrlwVG_x/view?usp=drivesdk,pdf | preentation
"luento18paikkalause|pdf,preentation",luento18paikkalause.pdf,1lZBHGlY3WBMkPzzjt0g_XOWW8hucb2Bl,2,1lZBHGlY3WBMkPzzjt0g_XOWW8hucb2Bl | 1lZBHGlY3WBMkPzzjt0g_XOWW8hucb2Bl,luento18paikkalause.pdf | luento18paikkalause.pdfPDF,https://drive.google.com/file/d/1lZBHGlY3WBMkPzzjt0g_XOWW8hucb2Bl/view?usp=drivesdk | https://drive.google.com/file/d/1lZBHGlY3WBMkPzzjt0g_XOWW8hucb2Bl/view?usp=drivesdk,pdf | preentation
"paikkalausetehtävä|pdf,preentation",paikkalausetehtävä.pdf,1mjXV4kd-CG7jduBFQnlt1rLLmq8PPO_M,2,1mjXV4kd-CG7jduBFQnlt1rLLmq8PPO_M | 1mjXV4kd-CG7jduBFQnlt1rLLmq8PPO_M,paikkalausetehtävä.pdf | paikkalausetehtävä.pdfPDF,https://drive.google.com/file/d/1mjXV4kd-CG7jduBFQnlt1rLLmq8PPO_M/view?usp=drivesdk | https://drive.google.com/file/d/1mjXV4kd-CG7jduBFQnlt1rLLmq8PPO_M/view?usp=drivesdk,pdf | preentation
"lumikot paikkailause|preentation,video",Lumikot Paikkailause.mp4,112eEERW9Rbp3r1tCsVXtIv0KLlG7y-As,2,112eEERW9Rbp3r1tCsVXtIv0KLlG7y-As | 112eEERW9Rbp3r1tCsVXtIv0KLlG7y-As,Lumikot Paikkailause.mp4 | Lumikot Paikkailause.mp4Video,https://drive.google.com/file/d/112eEERW9Rbp3r1tCsVXtIv0KLlG7y-As/view?usp=drivesdk | https://drive.google.com/file/d/112eEERW9Rbp3r1tCsVXtIv0KLlG7y-As/view?usp=drivesdk,video | preentation
"luento missä mistä mihin 2 class|pdf,preentation","luento missä, mistä, mihin 2 class.pdf",1StA94IOEE80u_uBBYhdMI5FEzvbU_xVg,2,1StA94IOEE80u_uBBYhdMI5FEzvbU_xVg | 1StA94IOEE80u_uBBYhdMI5FEzvbU_xVg,"luento missä, mistä, mihin 2 class.pdf | luento missä, mistä, mihin 2 class.pdfPDF",https://drive.google.com/file/d/1StA94IOEE80u_uBBYhdMI5FEzvbU_xVg/view?usp=drivesdk | https://drive.google.com/file/d/1StA94IOEE80u_uBBYhdMI5FEzvbU_xVg/view?usp=drivesdk,pdf | preentation
"mikä pääte_ - google docs|google doc?,pdf,preentation",Mikä pääte_ - Google Docs.pdf,1_4ox3hrSkc5rBZjdwXbnaQwA-k1eJedm,2,1_4ox3hrSkc5rBZjdwXbnaQwA-k1eJedm | 1_4ox3hrSkc5rBZjdwXbnaQwA-k1eJedm,Mikä pääte_ - Google Docs.pdf | Mikä pääte_ - Google Docs.pdfPDF,https://drive.google.com/file/d/1_4ox3hrSkc5rBZjdwXbnaQwA-k1eJedm/view?usp=drivesdk | https://drive.google.com/file/d/1_4ox3hrSkc5rBZjdwXbnaQwA-k1eJedm/view?usp=drivesdk,pdf | google doc? | preentation
"mikä on oikea mihin-muoto - google docs|google doc?,pdf,preentation",Mikä on oikea mihin-muoto - Google Docs.pdf,1S04NQdkXBfaA1Phr_uDjWNvfc0KdnGTX,2,1S04NQdkXBfaA1Phr_uDjWNvfc0KdnGTX | 1S04NQdkXBfaA1Phr_uDjWNvfc0KdnGTX,Mikä on oikea mihin-muoto - Google Docs.pdf | Mikä on oikea mihin-muoto - Google Docs.pdfPDF,https://drive.google.com/file/d/1S04NQdkXBfaA1Phr_uDjWNvfc0KdnGTX/view?usp=drivesdk | https://drive.google.com/file/d/1S04NQdkXBfaA1Phr_uDjWNvfc0KdnGTX/view?usp=drivesdk,pdf | google doc? | preentation
"puhu ryhmässä ja kirjoita lauseita - google docs|google doc?,pdf,preentation",Puhu ryhmässä ja kirjoita lauseita - Google Docs.pdf,1xHRY2kW9V6mlPRBIITdmat1zu_92bA4o,2,1xHRY2kW9V6mlPRBIITdmat1zu_92bA4o | 1xHRY2kW9V6mlPRBIITdmat1zu_92bA4o,Puhu ryhmässä ja kirjoita lauseita - Google Docs.pdf | Puhu ryhmässä ja kirjoita lauseita - Google Docs.pdfPDF,https://drive.google.com/file/d/1xHRY2kW9V6mlPRBIITdmat1zu_92bA4o/view?usp=drivesdk | https://drive.google.com/file/d/1xHRY2kW9V6mlPRBIITdmat1zu_92bA4o/view?usp=drivesdk,pdf | google doc? | preentation
"lumikot mismistmih2|preentation,video",Lumikot mismistmih2.mp4,1uIGmWlnSnWkIy8r_CSMIw6U5HvJizXO2,2,1uIGmWlnSnWkIy8r_CSMIw6U5HvJizXO2 | 1uIGmWlnSnWkIy8r_CSMIw6U5HvJizXO2,Lumikot mismistmih2.mp4 | Lumikot mismistmih2.mp4Video,https://drive.google.com/file/d/1uIGmWlnSnWkIy8r_CSMIw6U5HvJizXO2/view?usp=drivesdk | https://drive.google.com/file/d/1uIGmWlnSnWkIy8r_CSMIw6U5HvJizXO2/view?usp=drivesdk,video | preentation
"luento missä mistä mihin 1 class 2|pdf,preentation","luento missä, mistä, mihin 1 class (2).pdf",1SnXrpaDy5gBy_PtPbxVjizQiblV_ZTRS,2,1SnXrpaDy5gBy_PtPbxVjizQiblV_ZTRS | 1SnXrpaDy5gBy_PtPbxVjizQiblV_ZTRS,"luento missä, mistä, mihin 1 class (2).pdf | luento missä, mistä, mihin 1 class (2).pdfPDF",https://drive.google.com/file/d/1SnXrpaDy5gBy_PtPbxVjizQiblV_ZTRS/view?usp=drivesdk | https://drive.google.com/file/d/1SnXrpaDy5gBy_PtPbxVjizQiblV_ZTRS/view?usp=drivesdk,pdf | preentation
"missä hän on_ - google docs|google doc?,pdf,preentation",Missä hän on_ - Google Docs.pdf,1tpk0KBP8a3DmKcBF9aqQWRWOmpxyIXy7,2,1tpk0KBP8a3DmKcBF9aqQWRWOmpxyIXy7 | 1tpk0KBP8a3DmKcBF9aqQWRWOmpxyIXy7,Missä hän on_ - Google Docs.pdf | Missä hän on_ - Google Docs.pdfPDF,https://drive.google.com/file/d/1tpk0KBP8a3DmKcBF9aqQWRWOmpxyIXy7/view?usp=drivesdk | https://drive.google.com/file/d/1tpk0KBP8a3DmKcBF9aqQWRWOmpxyIXy7/view?usp=drivesdk,pdf | google doc? | preentation
"tehtävä_ tee sanoista lause - google docs|google doc?,pdf,preentation",Tehtävä_ tee sanoista lause - Google Docs.pdf,1fm-mnAU792bty4IoMHFyQaoUqxXCRMt1,2,1fm-mnAU792bty4IoMHFyQaoUqxXCRMt1 | 1fm-mnAU792bty4IoMHFyQaoUqxXCRMt1,Tehtävä_ tee sanoista lause - Google Docs.pdf | Tehtävä_ tee sanoista lause - Google Docs.pdfPDF,https://drive.google.com/file/d/1fm-mnAU792bty4IoMHFyQaoUqxXCRMt1/view?usp=drivesdk | https://drive.google.com/file/d/1fm-mnAU792bty4IoMHFyQaoUqxXCRMt1/view?usp=drivesdk,pdf | google doc? | preentation
"missä hän on_ 2 - google docs|google doc?,pdf,preentation",Missä hän on_ 2 - Google Docs.pdf,1ahcSihWdczpawsv1Zzf0QFeQCGfDs_0O,2,1ahcSihWdczpawsv1Zzf0QFeQCGfDs_0O | 1ahcSihWdczpawsv1Zzf0QFeQCGfDs_0O,Missä hän on_ 2 - Google Docs.pdf | Missä hän on_ 2 - Google Docs.pdfPDF,https://drive.google.com/file/d/1ahcSihWdczpawsv1Zzf0QFeQCGfDs_0O/view?usp=drivesdk | https://drive.google.com/file/d/1ahcSihWdczpawsv1Zzf0QFeQCGfDs_0O/view?usp=drivesdk,pdf | google doc? | preentation
"tehtävä_ tee sanoista lause2 - google docs|google doc?,pdf,preentation",Tehtävä_ tee sanoista lause2 - Google Docs.pdf,1UWn2QPmaZQ8Eipt9xJSumLAkzNIo_jsg,2,1UWn2QPmaZQ8Eipt9xJSumLAkzNIo_jsg | 1UWn2QPmaZQ8Eipt9xJSumLAkzNIo_jsg,Tehtävä_ tee sanoista lause2 - Google Docs.pdf | Tehtävä_ tee sanoista lause2 - Google Docs.pdfPDF,https://drive.google.com/file/d/1UWn2QPmaZQ8Eipt9xJSumLAkzNIo_jsg/view?usp=drivesdk | https://drive.google.com/file/d/1UWn2QPmaZQ8Eipt9xJSumLAkzNIo_jsg/view?usp=drivesdk,pdf | google doc? | preentation
"missämistämihin 1 lumikot|preentation,video","missä,mistä,mihin 1 lumikot.mp4",1hO0uFfojP550ck85WifeFIB2JRRIRdhg,2,1hO0uFfojP550ck85WifeFIB2JRRIRdhg | 1hO0uFfojP550ck85WifeFIB2JRRIRdhg,"missä,mistä,mihin 1 lumikot.mp4 | missä,mistä,mihin 1 lumikot.mp4Video",https://drive.google.com/file/d/1hO0uFfojP550ck85WifeFIB2JRRIRdhg/view?usp=drivesdk | https://drive.google.com/file/d/1hO0uFfojP550ck85WifeFIB2JRRIRdhg/view?usp=drivesdk,video | preentation
"vaatteet ja ulkonäkö lumikot|preentation,video","vaatteet ja ulkonäkö, lumikot.mp4",1slqEjRsNJzgqqtZi4I-Df5WsvF-lj7C1,2,1slqEjRsNJzgqqtZi4I-Df5WsvF-lj7C1 | 1slqEjRsNJzgqqtZi4I-Df5WsvF-lj7C1,"vaatteet ja ulkonäkö, lumikot.mp4 | vaatteet ja ulkonäkö, lumikot.mp4Video",https://drive.google.com/file/d/1slqEjRsNJzgqqtZi4I-Df5WsvF-lj7C1/view?usp=drivesdk | https://drive.google.com/file/d/1slqEjRsNJzgqqtZi4I-Df5WsvF-lj7C1/view?usp=drivesdk,video | preentation
"viikko 7_ vaatteet ulkonäkö ammatit - google docs|google doc?,pdf,preentation","Viikko 7_ Vaatteet, ulkonäkö, ammatit - Google Docs.pdf",1dPKXNkmE4c2YRg4u9tdJTqmJgtjH-neZ,2,1dPKXNkmE4c2YRg4u9tdJTqmJgtjH-neZ | 1dPKXNkmE4c2YRg4u9tdJTqmJgtjH-neZ,"Viikko 7_ Vaatteet, ulkonäkö, ammatit - Google Docs.pdf | Viikko 7_ Vaatteet, ulkonäkö, ammatit - Google Docs.pdfPDF",https://drive.google.com/file/d/1dPKXNkmE4c2YRg4u9tdJTqmJgtjH-neZ/view?usp=drivesdk | https://drive.google.com/file/d/1dPKXNkmE4c2YRg4u9tdJTqmJgtjH-neZ/view?usp=drivesdk,pdf | google doc? | preentation
"luento missä mistä mihin 1 class 1|pdf,preentation","luento missä, mistä, mihin 1 class (1).pdf",1ABzKfuWN9dHZKBaiue2ZceHiY27NrQcQ,2,1ABzKfuWN9dHZKBaiue2ZceHiY27NrQcQ | 1ABzKfuWN9dHZKBaiue2ZceHiY27NrQcQ,"luento missä, mistä, mihin 1 class (1).pdf | luento missä, mistä, mihin 1 class (1).pdfPDF",https://drive.google.com/file/d/1ABzKfuWN9dHZKBaiue2ZceHiY27NrQcQ/view?usp=drivesdk | https://drive.google.com/file/d/1ABzKfuWN9dHZKBaiue2ZceHiY27NrQcQ/view?usp=drivesdk,pdf | preentation
"luento missä mistä mihin 2 class 1|pdf,preentation","luento missä, mistä, mihin 2 class (1).pdf",1hhIQlp87aR8mpO4IhsZGFutcIBm7SS9b,2,1hhIQlp87aR8mpO4IhsZGFutcIBm7SS9b | 1hhIQlp87aR8mpO4IhsZGFutcIBm7SS9b,"luento missä, mistä, mihin 2 class (1).pdf | luento missä, mistä, mihin 2 class (1).pdfPDF",https://drive.google.com/file/d/1hhIQlp87aR8mpO4IhsZGFutcIBm7SS9b/view?usp=drivesdk | https://drive.google.com/file/d/1hhIQlp87aR8mpO4IhsZGFutcIBm7SS9b/view?usp=drivesdk,pdf | preentation
"luento18paikkalause class|pdf,preentation",luento18paikkalause CLASS.pdf,1lQJTpnVcvAbi5Y5H5eaebZxAWU9IG8uY,2,1lQJTpnVcvAbi5Y5H5eaebZxAWU9IG8uY | 1lQJTpnVcvAbi5Y5H5eaebZxAWU9IG8uY,luento18paikkalause CLASS.pdf | luento18paikkalause CLASS.pdfPDF,https://drive.google.com/file/d/1lQJTpnVcvAbi5Y5H5eaebZxAWU9IG8uY/view?usp=drivesdk | https://drive.google.com/file/d/1lQJTpnVcvAbi5Y5H5eaebZxAWU9IG8uY/view?usp=drivesdk,pdf | preentation
"01b minä - google docs|google doc?,pdf,preentation",01B. Minä - Google Docs.pdf,1esxftfXMtjYm_7jRY__insfupU0IL8d_,2,1esxftfXMtjYm_7jRY__insfupU0IL8d_ | 1esxftfXMtjYm_7jRY__insfupU0IL8d_,01B. Minä - Google Docs.pdf | 01B. Minä - Google Docs.pdfPDF,https://drive.google.com/file/d/1esxftfXMtjYm_7jRY__insfupU0IL8d_/view?usp=drivesdk | https://drive.google.com/file/d/1esxftfXMtjYm_7jRY__insfupU0IL8d_/view?usp=drivesdk,pdf | google doc? | preentation
"luento15nesessiivi class|pdf,preentation",luento15nesessiivi CLASS.pdf,147twZ5ikzDPcTwv6e8f2knWMRioeQzEp,4,147twZ5ikzDPcTwv6e8f2knWMRioeQzEp | 147twZ5ikzDPcTwv6e8f2knWMRioeQzEp | 1lPWK7XLd3X9sLQWEKgzmeaoYW3MVga2E | 1lPWK7XLd3X9sLQWEKgzmeaoYW3MVga2E,luento15nesessiivi CLASS.pdf | luento15nesessiivi CLASS.pdfPDF | luento15nesessiivi CLASS.pdf | luento15nesessiivi CLASS.pdfPDF,https://drive.google.com/file/d/147twZ5ikzDPcTwv6e8f2knWMRioeQzEp/view?usp=drivesdk | https://drive.google.com/file/d/147twZ5ikzDPcTwv6e8f2knWMRioeQzEp/view?usp=drivesdk | https://drive.google.com/file/d/1lPWK7XLd3X9sLQWEKgzmeaoYW3MVga2E/view?usp=drivesdk | https://drive.google.com/file/d/1lPWK7XLd3X9sLQWEKgzmeaoYW3MVga2E/view?usp=drivesdk,pdf | preentation
"nesessiivi - t1|pdf,preentation",Nesessiivi - t1.pdf,1PjUpbKrnLIsWuVEBdd5HnzMro_Bi_1C9,2,1PjUpbKrnLIsWuVEBdd5HnzMro_Bi_1C9 | 1PjUpbKrnLIsWuVEBdd5HnzMro_Bi_1C9,Nesessiivi - t1.pdf | Nesessiivi - t1.pdfPDF,https://drive.google.com/file/d/1PjUpbKrnLIsWuVEBdd5HnzMro_Bi_1C9/view?usp=drivesdk | https://drive.google.com/file/d/1PjUpbKrnLIsWuVEBdd5HnzMro_Bi_1C9/view?usp=drivesdk,pdf | preentation
"nesessiivi t2 ja 3|pdf,preentation",Nesessiivi t2 ja 3.pdf,1ZR2Lqp9unzIl-CMnM3AEPzPV2rUPJb7U,2,1ZR2Lqp9unzIl-CMnM3AEPzPV2rUPJb7U | 1ZR2Lqp9unzIl-CMnM3AEPzPV2rUPJb7U,Nesessiivi t2 ja 3.pdf | Nesessiivi t2 ja 3.pdfPDF,https://drive.google.com/file/d/1ZR2Lqp9unzIl-CMnM3AEPzPV2rUPJb7U/view?usp=drivesdk | https://drive.google.com/file/d/1ZR2Lqp9unzIl-CMnM3AEPzPV2rUPJb7U/view?usp=drivesdk,pdf | preentation
"nesessiivi lumikot|preentation,video","nesessiivi, lumikot.mp4",1uRTC1WdORONb242QIntP5vsNDCAmcwKP,2,1uRTC1WdORONb242QIntP5vsNDCAmcwKP | 1uRTC1WdORONb242QIntP5vsNDCAmcwKP,"nesessiivi, lumikot.mp4 | nesessiivi, lumikot.mp4Video",https://drive.google.com/file/d/1uRTC1WdORONb242QIntP5vsNDCAmcwKP/view?usp=drivesdk | https://drive.google.com/file/d/1uRTC1WdORONb242QIntP5vsNDCAmcwKP/view?usp=drivesdk,video | preentation
"153 ke 01a|document,google doc?,preentation",15.3. ke 01A. Minä,1EPCmBqv9Sad2csS7KUwTQOIDeJGIFK0CeaIo2CLCbIA,2,1EPCmBqv9Sad2csS7KUwTQOIDeJGIFK0CeaIo2CLCbIA | 1EPCmBqv9Sad2csS7KUwTQOIDeJGIFK0CeaIo2CLCbIA,15.3. ke 01A. Minä | 15.3. ke 01A. Minä,https://docs.google.com/document/d/1EPCmBqv9Sad2csS7KUwTQOIDeJGIFK0CeaIo2CLCbIA/edit?usp=classroom_web&authuser=0 | https://docs.google.com/document/d/1EPCmBqv9Sad2csS7KUwTQOIDeJGIFK0CeaIo2CLCbIA/edit?usp=classroom_web&authuser=0,google doc? | preentation | document
"153 ke 01a|document,google doc?,google docs,preentation",15.3. ke 01A. Minä,1EPCmBqv9Sad2csS7KUwTQOIDeJGIFK0CeaIo2CLCbIA,2,1EPCmBqv9Sad2csS7KUwTQOIDeJGIFK0CeaIo2CLCbIA | 1EPCmBqv9Sad2csS7KUwTQOIDeJGIFK0CeaIo2CLCbIA,15.3. ke 01A. MinäGoogle Docs | 15.3. ke 01A. MinäGoogle Docs,https://docs.google.com/document/d/1EPCmBqv9Sad2csS7KUwTQOIDeJGIFK0CeaIo2CLCbIA/edit?usp=classroom_web&authuser=0 | https://docs.google.com/document/d/1EPCmBqv9Sad2csS7KUwTQOIDeJGIFK0CeaIo2CLCbIA/edit?usp=classroom_web&authuser=0,google docs | google doc? | preentation | document
"verbityypit 3 ja 4 lumikot|document,google doc?,preentation","Verbityypit 3 ja 4, lumikot",1bcUh9a1NNXoPNHfYYrMFG-OHtTza_XWdNEpQNLD-UhM,2,1bcUh9a1NNXoPNHfYYrMFG-OHtTza_XWdNEpQNLD-UhM | 1bcUh9a1NNXoPNHfYYrMFG-OHtTza_XWdNEpQNLD-UhM,"Verbityypit 3 ja 4, lumikot | Verbityypit 3 ja 4, lumikot",https://docs.google.com/document/d/1bcUh9a1NNXoPNHfYYrMFG-OHtTza_XWdNEpQNLD-UhM/edit?usp=drivesdk | https://docs.google.com/document/d/1bcUh9a1NNXoPNHfYYrMFG-OHtTza_XWdNEpQNLD-UhM/edit?usp=drivesdk,google doc? | preentation | document
"verbityypit 3 ja 4 lumikot|document,google doc?,google docs,preentation","Verbityypit 3 ja 4, lumikot",1bcUh9a1NNXoPNHfYYrMFG-OHtTza_XWdNEpQNLD-UhM,2,1bcUh9a1NNXoPNHfYYrMFG-OHtTza_XWdNEpQNLD-UhM | 1bcUh9a1NNXoPNHfYYrMFG-OHtTza_XWdNEpQNLD-UhM,"Verbityypit 3 ja 4, lumikotGoogle Docs | Verbityypit 3 ja 4, lumikotGoogle Docs",https://docs.google.com/document/d/1bcUh9a1NNXoPNHfYYrMFG-OHtTza_XWdNEpQNLD-UhM/edit?usp=drivesdk | https://docs.google.com/document/d/1bcUh9a1NNXoPNHfYYrMFG-OHtTza_XWdNEpQNLD-UhM/edit?usp=drivesdk,google docs | google doc? | preentation | document
"luento vt34kpt class|pdf,preentation",Luento VT34kpt CLASS.pdf,1eAknzkds0ZL48vdfMkSC4kopkBrfKarh,4,1eAknzkds0ZL48vdfMkSC4kopkBrfKarh | 1eAknzkds0ZL48vdfMkSC4kopkBrfKarh | 1CN1TIqkPlANe3xlIBZTDSUryJ47R84c9 | 1CN1TIqkPlANe3xlIBZTDSUryJ47R84c9,Luento VT34kpt CLASS.pdf | Luento VT34kpt CLASS.pdfPDF | Luento VT34kpt CLASS.pdf | Luento VT34kpt CLASS.pdfPDF,https://drive.google.com/file/d/1eAknzkds0ZL48vdfMkSC4kopkBrfKarh/view?usp=drivesdk | https://drive.google.com/file/d/1eAknzkds0ZL48vdfMkSC4kopkBrfKarh/view?usp=drivesdk | https://drive.google.com/file/d/1CN1TIqkPlANe3xlIBZTDSUryJ47R84c9/view?usp=drivesdk | https://drive.google.com/file/d/1CN1TIqkPlANe3xlIBZTDSUryJ47R84c9/view?usp=drivesdk,pdf | preentation
"verbityyppi 3 vai 4 - google docs|google doc?,pdf,preentation",Verbityyppi 3 vai 4 - Google Docs.pdf,11Fp6bdcNb-64UkOf0NXloBUanxAonIVs,2,11Fp6bdcNb-64UkOf0NXloBUanxAonIVs | 11Fp6bdcNb-64UkOf0NXloBUanxAonIVs,Verbityyppi 3 vai 4 - Google Docs.pdf | Verbityyppi 3 vai 4 - Google Docs.pdfPDF,https://drive.google.com/file/d/11Fp6bdcNb-64UkOf0NXloBUanxAonIVs/view?usp=drivesdk | https://drive.google.com/file/d/11Fp6bdcNb-64UkOf0NXloBUanxAonIVs/view?usp=drivesdk,pdf | google doc? | preentation
"vt3 ja 4 kpt lumikot|preentation,video","vt3 ja 4, kpt, lumikot.mp4",1SE6L8kO-9n8DojAjkL7ObXwsfZcPeVnv,2,1SE6L8kO-9n8DojAjkL7ObXwsfZcPeVnv | 1SE6L8kO-9n8DojAjkL7ObXwsfZcPeVnv,"vt3 ja 4, kpt, lumikot.mp4 | vt3 ja 4, kpt, lumikot.mp4Video",https://drive.google.com/file/d/1SE6L8kO-9n8DojAjkL7ObXwsfZcPeVnv/view?usp=drivesdk | https://drive.google.com/file/d/1SE6L8kO-9n8DojAjkL7ObXwsfZcPeVnv/view?usp=drivesdk,video | preentation
"verbityypit 3 ja 4 - ei kpt class|pdf,preentation",Verbityypit 3 ja 4 - ei kpt CLASS.pdf,1R9LNhJ1jBCd1G2EMMqkfY9j4ulQ-9dOw,4,1R9LNhJ1jBCd1G2EMMqkfY9j4ulQ-9dOw | 1R9LNhJ1jBCd1G2EMMqkfY9j4ulQ-9dOw | 155UNA7EIFvfkO-vJsMlyBSDjFwQut2yi | 155UNA7EIFvfkO-vJsMlyBSDjFwQut2yi,Verbityypit 3 ja 4 - ei kpt CLASS.pdf | Verbityypit 3 ja 4 - ei kpt CLASS.pdfPDF | Verbityypit 3 ja 4 - ei kpt CLASS.pdf | Verbityypit 3 ja 4 - ei kpt CLASS.pdfPDF,https://drive.google.com/file/d/1R9LNhJ1jBCd1G2EMMqkfY9j4ulQ-9dOw/view?usp=drivesdk | https://drive.google.com/file/d/1R9LNhJ1jBCd1G2EMMqkfY9j4ulQ-9dOw/view?usp=drivesdk | https://drive.google.com/file/d/155UNA7EIFvfkO-vJsMlyBSDjFwQut2yi/view?usp=drivesdk | https://drive.google.com/file/d/155UNA7EIFvfkO-vJsMlyBSDjFwQut2yi/view?usp=drivesdk,pdf | preentation
"vt3ja4 lumikot|preentation,video",vt3ja4 lumikot.mp4,1hp9vVgHcEZFWmAEWjRn1z7T2VTtiKK0d,2,1hp9vVgHcEZFWmAEWjRn1z7T2VTtiKK0d | 1hp9vVgHcEZFWmAEWjRn1z7T2VTtiKK0d,vt3ja4 lumikot.mp4 | vt3ja4 lumikot.mp4Video,https://drive.google.com/file/d/1hp9vVgHcEZFWmAEWjRn1z7T2VTtiKK0d/view?usp=drivesdk | https://drive.google.com/file/d/1hp9vVgHcEZFWmAEWjRn1z7T2VTtiKK0d/view?usp=drivesdk,video | preentation
"spoken miten voit lumikot|preentation,video","spoken miten voit, lumikot.mp4",106_yXZ7rBKkICTLNtbgUyQO3LxNG-lfJ,2,106_yXZ7rBKkICTLNtbgUyQO3LxNG-lfJ | 106_yXZ7rBKkICTLNtbgUyQO3LxNG-lfJ,"spoken miten voit, lumikot.mp4 | spoken miten voit, lumikot.mp4Video",https://drive.google.com/file/d/106_yXZ7rBKkICTLNtbgUyQO3LxNG-lfJ/view?usp=drivesdk | https://drive.google.com/file/d/106_yXZ7rBKkICTLNtbgUyQO3LxNG-lfJ/view?usp=drivesdk,video | preentation
"viikko 5_ miten sä voit - google docs|google doc?,pdf,preentation",Viikko 5_ Miten sä voit - Google Docs.pdf,1zY1-CKgc3WALES2rmZqqk-FGxpwKwD2y,2,1zY1-CKgc3WALES2rmZqqk-FGxpwKwD2y | 1zY1-CKgc3WALES2rmZqqk-FGxpwKwD2y,Viikko 5_ Miten sä voit - Google Docs.pdf | Viikko 5_ Miten sä voit - Google Docs.pdfPDF,https://drive.google.com/file/d/1zY1-CKgc3WALES2rmZqqk-FGxpwKwD2y/view?usp=drivesdk | https://drive.google.com/file/d/1zY1-CKgc3WALES2rmZqqk-FGxpwKwD2y/view?usp=drivesdk,pdf | google doc? | preentation
"01a minä - google docs|google doc?,pdf,preentation",01A. Minä - Google Docs.pdf,1vE7leTYddJOgkGu4079xokefth0Www2L,2,1vE7leTYddJOgkGu4079xokefth0Www2L | 1vE7leTYddJOgkGu4079xokefth0Www2L,01A. Minä - Google Docs.pdf | 01A. Minä - Google Docs.pdfPDF,https://drive.google.com/file/d/1vE7leTYddJOgkGu4079xokefth0Www2L/view?usp=drivesdk | https://drive.google.com/file/d/1vE7leTYddJOgkGu4079xokefth0Www2L/view?usp=drivesdk,pdf | google doc? | preentation
"lesson genetiivi class|pdf,preentation",lesson genetiivi CLASS.pdf,145_UngEDq1j0fCCc0POQ2UuXxyw24tVM,2,145_UngEDq1j0fCCc0POQ2UuXxyw24tVM | 145_UngEDq1j0fCCc0POQ2UuXxyw24tVM,lesson genetiivi CLASS.pdf | lesson genetiivi CLASS.pdfPDF,https://drive.google.com/file/d/145_UngEDq1j0fCCc0POQ2UuXxyw24tVM/view?usp=drivesdk | https://drive.google.com/file/d/145_UngEDq1j0fCCc0POQ2UuXxyw24tVM/view?usp=drivesdk,pdf | preentation
"1_ genetiivilauseke kuvasta|pdf,preentation",1_ Genetiivilauseke kuvasta.pdf,1WnJYoXm0cMNiDnZ4_BLesHC00_GhTnLP,2,1WnJYoXm0cMNiDnZ4_BLesHC00_GhTnLP | 1WnJYoXm0cMNiDnZ4_BLesHC00_GhTnLP,1_ Genetiivilauseke kuvasta.pdf | 1_ Genetiivilauseke kuvasta.pdfPDF,https://drive.google.com/file/d/1WnJYoXm0cMNiDnZ4_BLesHC00_GhTnLP/view?usp=drivesdk | https://drive.google.com/file/d/1WnJYoXm0cMNiDnZ4_BLesHC00_GhTnLP/view?usp=drivesdk,pdf | preentation
"genetiivi lumikot|preentation,video",genetiivi lumikot.mp4,1V4q3LRiXf4qVWagfyBaciFUDid7zIBLP,2,1V4q3LRiXf4qVWagfyBaciFUDid7zIBLP | 1V4q3LRiXf4qVWagfyBaciFUDid7zIBLP,genetiivi lumikot.mp4 | genetiivi lumikot.mp4Video,https://drive.google.com/file/d/1V4q3LRiXf4qVWagfyBaciFUDid7zIBLP/view?usp=drivesdk | https://drive.google.com/file/d/1V4q3LRiXf4qVWagfyBaciFUDid7zIBLP/view?usp=drivesdk,video | preentation
"lesson possession class|pdf,preentation",lesson possession CLASS.pdf,13CT5p8zCa0kgfZKn3yEICiFj5zw5r3hY,4,13CT5p8zCa0kgfZKn3yEICiFj5zw5r3hY | 13CT5p8zCa0kgfZKn3yEICiFj5zw5r3hY | 1oWTz_9D9PEt794v5h9exZP1Q6VGvPhhv | 1oWTz_9D9PEt794v5h9exZP1Q6VGvPhhv,lesson possession CLASS.pdf | lesson possession CLASS.pdfPDF | lesson possession CLASS.pdf | lesson possession CLASS.pdfPDF,https://drive.google.com/file/d/13CT5p8zCa0kgfZKn3yEICiFj5zw5r3hY/view?usp=drivesdk | https://drive.google.com/file/d/13CT5p8zCa0kgfZKn3yEICiFj5zw5r3hY/view?usp=drivesdk | https://drive.google.com/file/d/1oWTz_9D9PEt794v5h9exZP1Q6VGvPhhv/view?usp=drivesdk | https://drive.google.com/file/d/1oWTz_9D9PEt794v5h9exZP1Q6VGvPhhv/view?usp=drivesdk,pdf | preentation
"mitä hänellä on mitä hänellä ei ole|pdf,preentation",Mitä hänellä on Mitä hänellä ei ole.pdf,15pJiPcWTJExIDI0coJi0lgO4e6RDYvIk,2,15pJiPcWTJExIDI0coJi0lgO4e6RDYvIk | 15pJiPcWTJExIDI0coJi0lgO4e6RDYvIk,Mitä hänellä on Mitä hänellä ei ole.pdf | Mitä hänellä on Mitä hänellä ei ole.pdfPDF,https://drive.google.com/file/d/15pJiPcWTJExIDI0coJi0lgO4e6RDYvIk/view?usp=drivesdk | https://drive.google.com/file/d/15pJiPcWTJExIDI0coJi0lgO4e6RDYvIk/view?usp=drivesdk,pdf | preentation
"omistuslause lumikot|preentation,video","omistuslause, lumikot.mp4",1rTM6AWGOc99tqJ0YXLMU4pC_OOg7FsAX,2,1rTM6AWGOc99tqJ0YXLMU4pC_OOg7FsAX | 1rTM6AWGOc99tqJ0YXLMU4pC_OOg7FsAX,"omistuslause, lumikot.mp4 | omistuslause, lumikot.mp4Video",https://drive.google.com/file/d/1rTM6AWGOc99tqJ0YXLMU4pC_OOg7FsAX/view?usp=drivesdk | https://drive.google.com/file/d/1rTM6AWGOc99tqJ0YXLMU4pC_OOg7FsAX/view?usp=drivesdk,video | preentation
"lesson partitiivi class|pdf,preentation",lesson partitiivi CLASS.pdf,1zBOrIrp8hkVtLDkwrbWuFC0krlucgGTC,4,1zBOrIrp8hkVtLDkwrbWuFC0krlucgGTC | 1zBOrIrp8hkVtLDkwrbWuFC0krlucgGTC | 1pU6A77dfNFIu1BV8Ic49UEywcE4ftzYc | 1pU6A77dfNFIu1BV8Ic49UEywcE4ftzYc,lesson partitiivi CLASS.pdf | lesson partitiivi CLASS.pdfPDF | lesson partitiivi CLASS.pdf | lesson partitiivi CLASS.pdfPDF,https://drive.google.com/file/d/1zBOrIrp8hkVtLDkwrbWuFC0krlucgGTC/view?usp=drivesdk | https://drive.google.com/file/d/1zBOrIrp8hkVtLDkwrbWuFC0krlucgGTC/view?usp=drivesdk | https://drive.google.com/file/d/1pU6A77dfNFIu1BV8Ic49UEywcE4ftzYc/view?usp=drivesdk | https://drive.google.com/file/d/1pU6A77dfNFIu1BV8Ic49UEywcE4ftzYc/view?usp=drivesdk,pdf | preentation
"partitiivin muodostus|pdf,preentation",partitiivin muodostus.pdf,12OEOnpI9izLJIOSu0kNCBhpcEidRWvD5,2,12OEOnpI9izLJIOSu0kNCBhpcEidRWvD5 | 12OEOnpI9izLJIOSu0kNCBhpcEidRWvD5,partitiivin muodostus.pdf | partitiivin muodostus.pdfPDF,https://drive.google.com/file/d/12OEOnpI9izLJIOSu0kNCBhpcEidRWvD5/view?usp=drivesdk | https://drive.google.com/file/d/12OEOnpI9izLJIOSu0kNCBhpcEidRWvD5/view?usp=drivesdk,pdf | preentation
"partitiivi lumikot|preentation,video","partitiivi, lumikot.mp4",1MrueaGQ0GxAmM79flf41_qee3ziUA_du,2,1MrueaGQ0GxAmM79flf41_qee3ziUA_du | 1MrueaGQ0GxAmM79flf41_qee3ziUA_du,"partitiivi, lumikot.mp4 | partitiivi, lumikot.mp4Video",https://drive.google.com/file/d/1MrueaGQ0GxAmM79flf41_qee3ziUA_du/view?usp=drivesdk | https://drive.google.com/file/d/1MrueaGQ0GxAmM79flf41_qee3ziUA_du/view?usp=drivesdk,video | preentation
"mihin aikaan lumikot|preentation,video",Mihin aikaan Lumikot.mp4,1pp4VK2bSvTqtm3ojx5xC6-ZbupHIMHTt,2,1pp4VK2bSvTqtm3ojx5xC6-ZbupHIMHTt | 1pp4VK2bSvTqtm3ojx5xC6-ZbupHIMHTt,Mihin aikaan Lumikot.mp4 | Mihin aikaan Lumikot.mp4Video,https://drive.google.com/file/d/1pp4VK2bSvTqtm3ojx5xC6-ZbupHIMHTt/view?usp=drivesdk | https://drive.google.com/file/d/1pp4VK2bSvTqtm3ojx5xC6-ZbupHIMHTt/view?usp=drivesdk,video | preentation
"viikko 4_ mihin aikaan_ - google docs|google doc?,pdf,preentation",Viikko 4_ Mihin aikaan_ - Google Docs.pdf,12btQw5zeABReOCndnEyEOiFHdXVKxxrR,2,12btQw5zeABReOCndnEyEOiFHdXVKxxrR | 12btQw5zeABReOCndnEyEOiFHdXVKxxrR,Viikko 4_ Mihin aikaan_ - Google Docs.pdf | Viikko 4_ Mihin aikaan_ - Google Docs.pdfPDF,https://drive.google.com/file/d/12btQw5zeABReOCndnEyEOiFHdXVKxxrR/view?usp=drivesdk | https://drive.google.com/file/d/12btQw5zeABReOCndnEyEOiFHdXVKxxrR/view?usp=drivesdk,pdf | google doc? | preentation
"lesson genetiivi class 1|pdf,preentation",lesson genetiivi CLASS (1).pdf,1jZJwQQpLGbXOIHjiRzAwlIR9quwN_Chk,2,1jZJwQQpLGbXOIHjiRzAwlIR9quwN_Chk | 1jZJwQQpLGbXOIHjiRzAwlIR9quwN_Chk,lesson genetiivi CLASS (1).pdf | lesson genetiivi CLASS (1).pdfPDF,https://drive.google.com/file/d/1jZJwQQpLGbXOIHjiRzAwlIR9quwN_Chk/view?usp=drivesdk | https://drive.google.com/file/d/1jZJwQQpLGbXOIHjiRzAwlIR9quwN_Chk/view?usp=drivesdk,pdf | preentation
"digiajat|pdf,preentation",digiajat.pdf,16YmkjGwfTHJvBT8SOh_haLiNPGVP4X50,2,16YmkjGwfTHJvBT8SOh_haLiNPGVP4X50 | 16YmkjGwfTHJvBT8SOh_haLiNPGVP4X50,digiajat.pdf | digiajat.pdfPDF,https://drive.google.com/file/d/16YmkjGwfTHJvBT8SOh_haLiNPGVP4X50/view?usp=drivesdk | https://drive.google.com/file/d/16YmkjGwfTHJvBT8SOh_haLiNPGVP4X50/view?usp=drivesdk,pdf | preentation
"luento kello ope|pdf,preentation",Luento kello ope.pdf,1hDi7M6O3KtcWMRGCum86zL8FtScFZgTO,2,1hDi7M6O3KtcWMRGCum86zL8FtScFZgTO | 1hDi7M6O3KtcWMRGCum86zL8FtScFZgTO,Luento kello ope.pdf | Luento kello ope.pdfPDF,https://drive.google.com/file/d/1hDi7M6O3KtcWMRGCum86zL8FtScFZgTO/view?usp=drivesdk | https://drive.google.com/file/d/1hDi7M6O3KtcWMRGCum86zL8FtScFZgTO/view?usp=drivesdk,pdf | preentation
"kello lumikot|preentation,video",Kello Lumikot.mp4,1vNposics1wD346UlYdw0FPXtQPtOTkwI,2,1vNposics1wD346UlYdw0FPXtQPtOTkwI | 1vNposics1wD346UlYdw0FPXtQPtOTkwI,Kello Lumikot.mp4 | Kello Lumikot.mp4Video,https://drive.google.com/file/d/1vNposics1wD346UlYdw0FPXtQPtOTkwI/view?usp=drivesdk | https://drive.google.com/file/d/1vNposics1wD346UlYdw0FPXtQPtOTkwI/view?usp=drivesdk,video | preentation
"lumikot_ viikko 3_ mikä päivä millainen sää|pdf,preentation",Lumikot_ Viikko 3_ Mikä päivä millainen sää.pdf,1Zoz6_qymkvGrMhIT4AZNzZN2HpjAqBJD,2,1Zoz6_qymkvGrMhIT4AZNzZN2HpjAqBJD | 1Zoz6_qymkvGrMhIT4AZNzZN2HpjAqBJD,Lumikot_ Viikko 3_ Mikä päivä millainen sää.pdf | Lumikot_ Viikko 3_ Mikä päivä millainen sää.pdfPDF,https://drive.google.com/file/d/1Zoz6_qymkvGrMhIT4AZNzZN2HpjAqBJD/view?usp=drivesdk | https://drive.google.com/file/d/1Zoz6_qymkvGrMhIT4AZNzZN2HpjAqBJD/view?usp=drivesdk,pdf | preentation
"ko-kysymys ahmat|preentation,video",ko-kysymys ahmat.mp4,17h8Md_VbgjKBsKzuaGPGBlDbGyznuLLt,2,17h8Md_VbgjKBsKzuaGPGBlDbGyznuLLt | 17h8Md_VbgjKBsKzuaGPGBlDbGyznuLLt,ko-kysymys ahmat.mp4 | ko-kysymys ahmat.mp4Video,https://drive.google.com/file/d/17h8Md_VbgjKBsKzuaGPGBlDbGyznuLLt/view?usp=drivesdk | https://drive.google.com/file/d/17h8Md_VbgjKBsKzuaGPGBlDbGyznuLLt/view?usp=drivesdk,video | preentation
"peruslauseesta ko ja taivuta ko 1|pdf,preentation",peruslauseesta ko ja taivuta ko (1).pdf,1_xbwErbHCsScKkw1MW1StML03YfxQhVv,2,1_xbwErbHCsScKkw1MW1StML03YfxQhVv | 1_xbwErbHCsScKkw1MW1StML03YfxQhVv,peruslauseesta ko ja taivuta ko (1).pdf | peruslauseesta ko ja taivuta ko (1).pdfPDF,https://drive.google.com/file/d/1_xbwErbHCsScKkw1MW1StML03YfxQhVv/view?usp=drivesdk | https://drive.google.com/file/d/1_xbwErbHCsScKkw1MW1StML03YfxQhVv/view?usp=drivesdk,pdf | preentation
"luento7 ko-kys class 1|pdf,preentation",luento7 kO-kys CLASS (1).pdf,1Y-i3aakbPMJRbqkcvXXEYJJU6BmOGd7B,4,1Y-i3aakbPMJRbqkcvXXEYJJU6BmOGd7B | 1Y-i3aakbPMJRbqkcvXXEYJJU6BmOGd7B | 1m76x2TnSbCPYCgar1VMZepm8dM-ALS7C | 1m76x2TnSbCPYCgar1VMZepm8dM-ALS7C,luento7 kO-kys CLASS (1).pdf | luento7 kO-kys CLASS (1).pdfPDF | luento7 kO-kys CLASS (1).pdf | luento7 kO-kys CLASS (1).pdfPDF,https://drive.google.com/file/d/1Y-i3aakbPMJRbqkcvXXEYJJU6BmOGd7B/view?usp=drivesdk | https://drive.google.com/file/d/1Y-i3aakbPMJRbqkcvXXEYJJU6BmOGd7B/view?usp=drivesdk | https://drive.google.com/file/d/1m76x2TnSbCPYCgar1VMZepm8dM-ALS7C/view?usp=drivesdk | https://drive.google.com/file/d/1m76x2TnSbCPYCgar1VMZepm8dM-ALS7C/view?usp=drivesdk,pdf | preentation
"luento 6 vt25 class 1|pdf,preentation",Luento 6 VT25 CLASS (1).pdf,1MgO6Fc-O1syHKxBm3HxfdfAo1IE5QlL_,2,1MgO6Fc-O1syHKxBm3HxfdfAo1IE5QlL_ | 1MgO6Fc-O1syHKxBm3HxfdfAo1IE5QlL_,Luento 6 VT25 CLASS (1).pdf | Luento 6 VT25 CLASS (1).pdfPDF,https://drive.google.com/file/d/1MgO6Fc-O1syHKxBm3HxfdfAo1IE5QlL_/view?usp=drivesdk | https://drive.google.com/file/d/1MgO6Fc-O1syHKxBm3HxfdfAo1IE5QlL_/view?usp=drivesdk,pdf | preentation
"vt25taivutus|pdf,preentation",VT25taivutus.pdf,1D04yuSOGC0oNcqKe77hw5afIMQPLeeZJ,2,1D04yuSOGC0oNcqKe77hw5afIMQPLeeZJ | 1D04yuSOGC0oNcqKe77hw5afIMQPLeeZJ,VT25taivutus.pdf | VT25taivutus.pdfPDF,https://drive.google.com/file/d/1D04yuSOGC0oNcqKe77hw5afIMQPLeeZJ/view?usp=drivesdk | https://drive.google.com/file/d/1D04yuSOGC0oNcqKe77hw5afIMQPLeeZJ/view?usp=drivesdk,pdf | preentation
"verbityypit 2 ja 5 lumikot|preentation,video",verbityypit 2 ja 5 lumikot.mp4,1DrvkStzhLAcJfnEKb__Ww3QVCUEQBPFb,2,1DrvkStzhLAcJfnEKb__Ww3QVCUEQBPFb | 1DrvkStzhLAcJfnEKb__Ww3QVCUEQBPFb,verbityypit 2 ja 5 lumikot.mp4 | verbityypit 2 ja 5 lumikot.mp4Video,https://drive.google.com/file/d/1DrvkStzhLAcJfnEKb__Ww3QVCUEQBPFb/view?usp=drivesdk | https://drive.google.com/file/d/1DrvkStzhLAcJfnEKb__Ww3QVCUEQBPFb/view?usp=drivesdk,video | preentation
"luento 6 vt25 class|pdf,preentation",Luento 6 VT25 CLASS.pdf,168HOgijM0yow5LxxiHskeWGr6ke5o6IM,2,168HOgijM0yow5LxxiHskeWGr6ke5o6IM | 168HOgijM0yow5LxxiHskeWGr6ke5o6IM,Luento 6 VT25 CLASS.pdf | Luento 6 VT25 CLASS.pdfPDF,https://drive.google.com/file/d/168HOgijM0yow5LxxiHskeWGr6ke5o6IM/view?usp=drivesdk | https://drive.google.com/file/d/168HOgijM0yow5LxxiHskeWGr6ke5o6IM/view?usp=drivesdk,pdf | preentation
"viikko 3_ millainen sää_ mikä päivä tänään on_|pdf,preentation",Viikko 3_ Millainen sää_ Mikä päivä tänään on_.pdf,1tPlieOdKmo-8vxImq1TuhvEkcuAfz87r,2,1tPlieOdKmo-8vxImq1TuhvEkcuAfz87r | 1tPlieOdKmo-8vxImq1TuhvEkcuAfz87r,Viikko 3_ Millainen sää_ Mikä päivä tänään on_.pdf | Viikko 3_ Millainen sää_ Mikä päivä tänään on_.pdfPDF,https://drive.google.com/file/d/1tPlieOdKmo-8vxImq1TuhvEkcuAfz87r/view?usp=drivesdk | https://drive.google.com/file/d/1tPlieOdKmo-8vxImq1TuhvEkcuAfz87r/view?usp=drivesdk,pdf | preentation
"lessonkello cl|pdf,preentation",lesson.kello cl.pdf,1n9kzH89LwnzanWbOU_W7uE6MN6ecPiJe,2,1n9kzH89LwnzanWbOU_W7uE6MN6ecPiJe | 1n9kzH89LwnzanWbOU_W7uE6MN6ecPiJe,lesson.kello cl.pdf | lesson.kello cl.pdfPDF,https://drive.google.com/file/d/1n9kzH89LwnzanWbOU_W7uE6MN6ecPiJe/view?usp=drivesdk | https://drive.google.com/file/d/1n9kzH89LwnzanWbOU_W7uE6MN6ecPiJe/view?usp=drivesdk,pdf | preentation
"kuka sinä olet 2 lumikot|preentation,video",kuka sinä olet 2 lumikot.mp4,1xg2k61Y_DDbuxhTeuqwXt4T02dgkOTPA,2,1xg2k61Y_DDbuxhTeuqwXt4T02dgkOTPA | 1xg2k61Y_DDbuxhTeuqwXt4T02dgkOTPA,kuka sinä olet 2 lumikot.mp4 | kuka sinä olet 2 lumikot.mp4Video,https://drive.google.com/file/d/1xg2k61Y_DDbuxhTeuqwXt4T02dgkOTPA/view?usp=drivesdk | https://drive.google.com/file/d/1xg2k61Y_DDbuxhTeuqwXt4T02dgkOTPA/view?usp=drivesdk,video | preentation
"luento 5 vt1kpt class 1|pdf,preentation",Luento 5 VT1kpt CLASS (1).pdf,1HRNA7lhvjWdbQgIGyd575HLbmdCsXnea,2,1HRNA7lhvjWdbQgIGyd575HLbmdCsXnea | 1HRNA7lhvjWdbQgIGyd575HLbmdCsXnea,Luento 5 VT1kpt CLASS (1).pdf | Luento 5 VT1kpt CLASS (1).pdfPDF,https://drive.google.com/file/d/1HRNA7lhvjWdbQgIGyd575HLbmdCsXnea/view?usp=drivesdk | https://drive.google.com/file/d/1HRNA7lhvjWdbQgIGyd575HLbmdCsXnea/view?usp=drivesdk,pdf | preentation
"vt1kpt muodostus|pdf,preentation",vt1kpt muodostus.pdf,1jiQi3ZQeeTZ3KrmbCU1jHYvl6-E4fn0n,2,1jiQi3ZQeeTZ3KrmbCU1jHYvl6-E4fn0n | 1jiQi3ZQeeTZ3KrmbCU1jHYvl6-E4fn0n,vt1kpt muodostus.pdf | vt1kpt muodostus.pdfPDF,https://drive.google.com/file/d/1jiQi3ZQeeTZ3KrmbCU1jHYvl6-E4fn0n/view?usp=drivesdk | https://drive.google.com/file/d/1jiQi3ZQeeTZ3KrmbCU1jHYvl6-E4fn0n/view?usp=drivesdk,pdf | preentation
kpt|preentation,KPT.pngImage,1I52-3jvt0o9sEV7KZn0KbC_pZJ06ssQF,2,1I52-3jvt0o9sEV7KZn0KbC_pZJ06ssQF | 1I52-3jvt0o9sEV7KZn0KbC_pZJ06ssQF,KPT.png | KPT.pngImage,https://drive.google.com/file/d/1I52-3jvt0o9sEV7KZn0KbC_pZJ06ssQF/view?usp=drivesdk | https://drive.google.com/file/d/1I52-3jvt0o9sEV7KZn0KbC_pZJ06ssQF/view?usp=drivesdk,preentation
"vt1 ja kpt lumikot|preentation,video","vt1 ja kpt, lumikot.mp4",1xEaTycv9LdgLw6-ai-Bs5hhUj0OjtwlU,2,1xEaTycv9LdgLw6-ai-Bs5hhUj0OjtwlU | 1xEaTycv9LdgLw6-ai-Bs5hhUj0OjtwlU,"vt1 ja kpt, lumikot.mp4 | vt1 ja kpt, lumikot.mp4Video",https://drive.google.com/file/d/1xEaTycv9LdgLw6-ai-Bs5hhUj0OjtwlU/view?usp=drivesdk | https://drive.google.com/file/d/1xEaTycv9LdgLw6-ai-Bs5hhUj0OjtwlU/view?usp=drivesdk,video | preentation
"luento4vt1eikpt class 1|pdf,preentation",luento4vt1eikpt CLASS (1).pdf,1f5YKiuDpxXnWxNuSFXiI1Ri6bdHV0NER,2,1f5YKiuDpxXnWxNuSFXiI1Ri6bdHV0NER | 1f5YKiuDpxXnWxNuSFXiI1Ri6bdHV0NER,luento4vt1eikpt CLASS (1).pdf | luento4vt1eikpt CLASS (1).pdfPDF,https://drive.google.com/file/d/1f5YKiuDpxXnWxNuSFXiI1Ri6bdHV0NER/view?usp=drivesdk | https://drive.google.com/file/d/1f5YKiuDpxXnWxNuSFXiI1Ri6bdHV0NER/view?usp=drivesdk,pdf | preentation
"vt1 pos ja neg ei kpt|pdf,preentation",vt1 pos ja neg ei kpt.pdf,1NeK6fQRPplFcj37zCT8x2xJ74Ul88KQx,2,1NeK6fQRPplFcj37zCT8x2xJ74Ul88KQx | 1NeK6fQRPplFcj37zCT8x2xJ74Ul88KQx,vt1 pos ja neg ei kpt.pdf | vt1 pos ja neg ei kpt.pdfPDF,https://drive.google.com/file/d/1NeK6fQRPplFcj37zCT8x2xJ74Ul88KQx/view?usp=drivesdk | https://drive.google.com/file/d/1NeK6fQRPplFcj37zCT8x2xJ74Ul88KQx/view?usp=drivesdk,pdf | preentation
"verbityyppi1 lumikot|preentation,video",verbityyppi1 lumikot.mp4,1JS_darASUCPsffkf2iIroykjOMX1Ky2T,2,1JS_darASUCPsffkf2iIroykjOMX1Ky2T | 1JS_darASUCPsffkf2iIroykjOMX1Ky2T,verbityyppi1 lumikot.mp4 | verbityyppi1 lumikot.mp4Video,https://drive.google.com/file/d/1JS_darASUCPsffkf2iIroykjOMX1Ky2T/view?usp=drivesdk | https://drive.google.com/file/d/1JS_darASUCPsffkf2iIroykjOMX1Ky2T/view?usp=drivesdk,video | preentation
"ihmiset|pdf,preentation",ihmiset.pdf,13LBYKuch66_ZQvmhDAKW5KIu60_S0Ki0,2,13LBYKuch66_ZQvmhDAKW5KIu60_S0Ki0 | 13LBYKuch66_ZQvmhDAKW5KIu60_S0Ki0,ihmiset.pdf | ihmiset.pdfPDF,https://drive.google.com/file/d/13LBYKuch66_ZQvmhDAKW5KIu60_S0Ki0/view?usp=drivesdk | https://drive.google.com/file/d/13LBYKuch66_ZQvmhDAKW5KIu60_S0Ki0/view?usp=drivesdk,pdf | preentation
"kuka sinä olet 1 lumikot|preentation,video",Kuka sinä olet 1 lumikot.mp4,1fmPgl48MLn_OO3IgcLkvwH96kFbPpPIu,2,1fmPgl48MLn_OO3IgcLkvwH96kFbPpPIu | 1fmPgl48MLn_OO3IgcLkvwH96kFbPpPIu,Kuka sinä olet 1 lumikot.mp4 | Kuka sinä olet 1 lumikot.mp4Video,https://drive.google.com/file/d/1fmPgl48MLn_OO3IgcLkvwH96kFbPpPIu/view?usp=drivesdk | https://drive.google.com/file/d/1fmPgl48MLn_OO3IgcLkvwH96kFbPpPIu/view?usp=drivesdk,video | preentation
"viikko 1_ kuka sinä olet osa1 - google docs|google doc?,pdf,preentation","Viikko 1_ Kuka sinä olet, osa1 - Google Docs.pdf",10abZT9NHcA6OymaSY5QaoBRC-EyUv7bQ,2,10abZT9NHcA6OymaSY5QaoBRC-EyUv7bQ | 10abZT9NHcA6OymaSY5QaoBRC-EyUv7bQ,"Viikko 1_ Kuka sinä olet, osa1 - Google Docs.pdf | Viikko 1_ Kuka sinä olet, osa1 - Google Docs.pdfPDF",https://drive.google.com/file/d/10abZT9NHcA6OymaSY5QaoBRC-EyUv7bQ/view?usp=drivesdk | https://drive.google.com/file/d/10abZT9NHcA6OymaSY5QaoBRC-EyUv7bQ/view?usp=drivesdk,pdf | google doc? | preentation
"luento4vt1eikpt class|pdf,preentation",luento4vt1eikpt CLASS.pdf,1WF5kuMkP3MHbPtqAChx1JgEZAYpmCmle,2,1WF5kuMkP3MHbPtqAChx1JgEZAYpmCmle | 1WF5kuMkP3MHbPtqAChx1JgEZAYpmCmle,luento4vt1eikpt CLASS.pdf | luento4vt1eikpt CLASS.pdfPDF,https://drive.google.com/file/d/1WF5kuMkP3MHbPtqAChx1JgEZAYpmCmle/view?usp=drivesdk | https://drive.google.com/file/d/1WF5kuMkP3MHbPtqAChx1JgEZAYpmCmle/view?usp=drivesdk,pdf | preentation
"luento 5 vt1kpt class|pdf,preentation",Luento 5 VT1kpt CLASS.pdf,1myP-m1TtarC_ch31EGm-mJxTtQlOAPGQ,2,1myP-m1TtarC_ch31EGm-mJxTtQlOAPGQ | 1myP-m1TtarC_ch31EGm-mJxTtQlOAPGQ,Luento 5 VT1kpt CLASS.pdf | Luento 5 VT1kpt CLASS.pdfPDF,https://drive.google.com/file/d/1myP-m1TtarC_ch31EGm-mJxTtQlOAPGQ/view?usp=drivesdk | https://drive.google.com/file/d/1myP-m1TtarC_ch31EGm-mJxTtQlOAPGQ/view?usp=drivesdk,pdf | preentation
"viikko 2_ kuka sinä olet osa2 - google docs|google doc?,pdf,preentation","Viikko 2_ Kuka sinä olet, osa2 - Google Docs.pdf",1fz-rw-OgfkA9s5SHmaloDTxJhgZ6_RPp,2,1fz-rw-OgfkA9s5SHmaloDTxJhgZ6_RPp | 1fz-rw-OgfkA9s5SHmaloDTxJhgZ6_RPp,"Viikko 2_ Kuka sinä olet, osa2 - Google Docs.pdf | Viikko 2_ Kuka sinä olet, osa2 - Google Docs.pdfPDF",https://drive.google.com/file/d/1fz-rw-OgfkA9s5SHmaloDTxJhgZ6_RPp/view?usp=drivesdk | https://drive.google.com/file/d/1fz-rw-OgfkA9s5SHmaloDTxJhgZ6_RPp/view?usp=drivesdk,pdf | google doc? | preentation
"luento3kysymykset class|pdf,preentation",luento3kysymykset CLASS.pdf,1fWyQfUCYrV-O18hgntYvnhVFGh4IeG1e,4,1fWyQfUCYrV-O18hgntYvnhVFGh4IeG1e | 1fWyQfUCYrV-O18hgntYvnhVFGh4IeG1e | 1ozNYAnsybV8-jV396e7I1Bc3iKfoKDYW | 1ozNYAnsybV8-jV396e7I1Bc3iKfoKDYW,luento3kysymykset CLASS.pdf | luento3kysymykset CLASS.pdfPDF | luento3kysymykset CLASS.pdf | luento3kysymykset CLASS.pdfPDF,https://drive.google.com/file/d/1fWyQfUCYrV-O18hgntYvnhVFGh4IeG1e/view?usp=drivesdk | https://drive.google.com/file/d/1fWyQfUCYrV-O18hgntYvnhVFGh4IeG1e/view?usp=drivesdk | https://drive.google.com/file/d/1ozNYAnsybV8-jV396e7I1Bc3iKfoKDYW/view?usp=drivesdk | https://drive.google.com/file/d/1ozNYAnsybV8-jV396e7I1Bc3iKfoKDYW/view?usp=drivesdk,pdf | preentation
"suulliset ihmiset|pdf,preentation",suulliset ihmiset.pdf,1aL7PpDQ0hqgxWi-ng5IMPlcuPP6tdNeM,2,1aL7PpDQ0hqgxWi-ng5IMPlcuPP6tdNeM | 1aL7PpDQ0hqgxWi-ng5IMPlcuPP6tdNeM,suulliset ihmiset.pdf | suulliset ihmiset.pdfPDF,https://drive.google.com/file/d/1aL7PpDQ0hqgxWi-ng5IMPlcuPP6tdNeM/view?usp=drivesdk | https://drive.google.com/file/d/1aL7PpDQ0hqgxWi-ng5IMPlcuPP6tdNeM/view?usp=drivesdk,pdf | preentation
"kysymystehtäväv2|pdf,preentation",kysymystehtävä.v2.pdf,12jbXsP5Px4Cok9wocqlCx2qZzfM2yIpd,2,12jbXsP5Px4Cok9wocqlCx2qZzfM2yIpd | 12jbXsP5Px4Cok9wocqlCx2qZzfM2yIpd,kysymystehtävä.v2.pdf | kysymystehtävä.v2.pdfPDF,https://drive.google.com/file/d/12jbXsP5Px4Cok9wocqlCx2qZzfM2yIpd/view?usp=drivesdk | https://drive.google.com/file/d/12jbXsP5Px4Cok9wocqlCx2qZzfM2yIpd/view?usp=drivesdk,pdf | preentation
"kysymykset lumikot|preentation,video",kysymykset lumikot.mp4,17aHvhavb9kyg4_PfzafCnDiR9l56UjCI,2,17aHvhavb9kyg4_PfzafCnDiR9l56UjCI | 17aHvhavb9kyg4_PfzafCnDiR9l56UjCI,kysymykset lumikot.mp4 | kysymykset lumikot.mp4Video,https://drive.google.com/file/d/17aHvhavb9kyg4_PfzafCnDiR9l56UjCI/view?usp=drivesdk | https://drive.google.com/file/d/17aHvhavb9kyg4_PfzafCnDiR9l56UjCI/view?usp=drivesdk,video | preentation
"luento2numerot class 1|pdf,preentation",luento2numerot CLASS (1).pdf,1lWGlx9wVenMro8YcAENh9zQfYM8jqznZ,2,1lWGlx9wVenMro8YcAENh9zQfYM8jqznZ | 1lWGlx9wVenMro8YcAENh9zQfYM8jqznZ,luento2numerot CLASS (1).pdf | luento2numerot CLASS (1).pdfPDF,https://drive.google.com/file/d/1lWGlx9wVenMro8YcAENh9zQfYM8jqznZ/view?usp=drivesdk | https://drive.google.com/file/d/1lWGlx9wVenMro8YcAENh9zQfYM8jqznZ/view?usp=drivesdk,pdf | preentation
"persons with numbers|pdf,preentation",persons with numbers.pdf,17feEh5bddXtLI4Pr60Awa3e2lH84114Z,2,17feEh5bddXtLI4Pr60Awa3e2lH84114Z | 17feEh5bddXtLI4Pr60Awa3e2lH84114Z,persons with numbers.pdf | persons with numbers.pdfPDF,https://drive.google.com/file/d/17feEh5bddXtLI4Pr60Awa3e2lH84114Z/view?usp=drivesdk | https://drive.google.com/file/d/17feEh5bddXtLI4Pr60Awa3e2lH84114Z/view?usp=drivesdk,pdf | preentation
"numerot lumikot|preentation,video",numerot lumikot.mp4,1bU1M7wB-AopKWCCNmU6vX3zdKjGAhsY1,2,1bU1M7wB-AopKWCCNmU6vX3zdKjGAhsY1 | 1bU1M7wB-AopKWCCNmU6vX3zdKjGAhsY1,numerot lumikot.mp4 | numerot lumikot.mp4Video,https://drive.google.com/file/d/1bU1M7wB-AopKWCCNmU6vX3zdKjGAhsY1/view?usp=drivesdk | https://drive.google.com/file/d/1bU1M7wB-AopKWCCNmU6vX3zdKjGAhsY1/view?usp=drivesdk,video | preentation
"vokaaliharmonia lumikot|preentation,video",vokaaliharmonia lumikot.mp4,1Ro3AOjX2_o9gwk-lCULJmLAofh7BaJN9,2,1Ro3AOjX2_o9gwk-lCULJmLAofh7BaJN9 | 1Ro3AOjX2_o9gwk-lCULJmLAofh7BaJN9,vokaaliharmonia lumikot.mp4 | vokaaliharmonia lumikot.mp4Video,https://drive.google.com/file/d/1Ro3AOjX2_o9gwk-lCULJmLAofh7BaJN9/view?usp=drivesdk | https://drive.google.com/file/d/1Ro3AOjX2_o9gwk-lCULJmLAofh7BaJN9/view?usp=drivesdk,video | preentation
"lesson 1 ja 2 lumikot|document,google doc?,preentation","Lesson 1 ja 2, lumikot",1D_w1oCDA_cR-Ix1w4RZlqFqYeJaGlfPK8X4eB77R25E,2,1D_w1oCDA_cR-Ix1w4RZlqFqYeJaGlfPK8X4eB77R25E | 1D_w1oCDA_cR-Ix1w4RZlqFqYeJaGlfPK8X4eB77R25E,"Lesson 1 ja 2, lumikot | Lesson 1 ja 2, lumikot",https://docs.google.com/document/d/1D_w1oCDA_cR-Ix1w4RZlqFqYeJaGlfPK8X4eB77R25E/edit?usp=drivesdk | https://docs.google.com/document/d/1D_w1oCDA_cR-Ix1w4RZlqFqYeJaGlfPK8X4eB77R25E/edit?usp=drivesdk,google doc? | preentation | document
"lesson 1 ja 2 lumikot|document,google doc?,google docs,preentation","Lesson 1 ja 2, lumikot",1D_w1oCDA_cR-Ix1w4RZlqFqYeJaGlfPK8X4eB77R25E,2,1D_w1oCDA_cR-Ix1w4RZlqFqYeJaGlfPK8X4eB77R25E | 1D_w1oCDA_cR-Ix1w4RZlqFqYeJaGlfPK8X4eB77R25E,"Lesson 1 ja 2, lumikotGoogle Docs | Lesson 1 ja 2, lumikotGoogle Docs",https://docs.google.com/document/d/1D_w1oCDA_cR-Ix1w4RZlqFqYeJaGlfPK8X4eB77R25E/edit?usp=drivesdk | https://docs.google.com/document/d/1D_w1oCDA_cR-Ix1w4RZlqFqYeJaGlfPK8X4eB77R25E/edit?usp=drivesdk,google docs | google doc? | preentation | document
"luento1kirjaimet class|pdf,preentation",luento1kirjaimet CLASS.pdf,11gtFMlm8wULYnEhdEIf1T0mVuVjs19e6,6,11gtFMlm8wULYnEhdEIf1T0mVuVjs19e6 | 11gtFMlm8wULYnEhdEIf1T0mVuVjs19e6 | 1z9pqj2C2Zi0bqVHjo-HxgCYZNJSyvfDm | 1z9pqj2C2Zi0bqVHjo-HxgCYZNJSyvfDm | 10b5sDX9pMp85NTSaMOyjBYY0cpW62LCd | 10b5sDX9pMp85NTSaMOyjBYY0cpW62LCd,luento1kirjaimet CLASS.pdf | luento1kirjaimet CLASS.pdfPDF | luento1kirjaimet CLASS.pdf | luento1kirjaimet CLASS.pdfPDF | luento1kirjaimet CLASS.pdf | luento1kirjaimet CLASS.pdfPDF,https://drive.google.com/file/d/11gtFMlm8wULYnEhdEIf1T0mVuVjs19e6/view?usp=drivesdk | https://drive.google.com/file/d/11gtFMlm8wULYnEhdEIf1T0mVuVjs19e6/view?usp=drivesdk | https://drive.google.com/file/d/1z9pqj2C2Zi0bqVHjo-HxgCYZNJSyvfDm/view?usp=drivesdk | https://drive.google.com/file/d/1z9pqj2C2Zi0bqVHjo-HxgCYZNJSyvfDm/view?usp=drivesdk | https://drive.google.com/file/d/10b5sDX9pMp85NTSaMOyjBYY0cpW62LCd/view?usp=drivesdk | https://drive.google.com/file/d/10b5sDX9pMp85NTSaMOyjBYY0cpW62LCd/view?usp=drivesdk,pdf | preentation
"vokaaliharmoniatehtävä|pdf,preentation",vokaaliharmoniatehtävä.pdf,1pCTKA6KPz0cu_k6_sLn2C6KcJ2nfVaXI,2,1pCTKA6KPz0cu_k6_sLn2C6KcJ2nfVaXI | 1pCTKA6KPz0cu_k6_sLn2C6KcJ2nfVaXI,vokaaliharmoniatehtävä.pdf | vokaaliharmoniatehtävä.pdfPDF,https://drive.google.com/file/d/1pCTKA6KPz0cu_k6_sLn2C6KcJ2nfVaXI/view?usp=drivesdk | https://drive.google.com/file/d/1pCTKA6KPz0cu_k6_sLn2C6KcJ2nfVaXI/view?usp=drivesdk,pdf | preentation
"orientaatio lumikot|preentation,video",orientaatio lumikot.mp4,1B2KeJLm4sHjSE0ELQpgftpYqpLF1youO,2,1B2KeJLm4sHjSE0ELQpgftpYqpLF1youO | 1B2KeJLm4sHjSE0ELQpgftpYqpLF1youO,orientaatio lumikot.mp4 | orientaatio lumikot.mp4Video,https://drive.google.com/file/d/1B2KeJLm4sHjSE0ELQpgftpYqpLF1youO/view?usp=drivesdk | https://drive.google.com/file/d/1B2KeJLm4sHjSE0ELQpgftpYqpLF1youO/view?usp=drivesdk,video | preentation
"luento2numerot class|pdf,preentation",luento2numerot CLASS.pdf,12gBQfAfGVggKaNMXEVOJBBa9eBHOwd4n,2,12gBQfAfGVggKaNMXEVOJBBa9eBHOwd4n | 12gBQfAfGVggKaNMXEVOJBBa9eBHOwd4n,luento2numerot CLASS.pdf | luento2numerot CLASS.pdfPDF,https://drive.google.com/file/d/12gBQfAfGVggKaNMXEVOJBBa9eBHOwd4n/view?usp=drivesdk | https://drive.google.com/file/d/12gBQfAfGVggKaNMXEVOJBBa9eBHOwd4n/view?usp=drivesdk,pdf | preentation
"how to change your language from fin to eng|preentation,video",How to change your language from FIN to ENG.mp4,1pcY8w-dXqImKYV_k6TKBvUiAnSyzhh3q,2,1pcY8w-dXqImKYV_k6TKBvUiAnSyzhh3q | 1pcY8w-dXqImKYV_k6TKBvUiAnSyzhh3q,How to change your language from FIN to ENG.mp4 | How to change your language from FIN to ENG.mp4Video,https://drive.google.com/file/d/1pcY8w-dXqImKYV_k6TKBvUiAnSyzhh3q/view?usp=drivesdk | https://drive.google.com/file/d/1pcY8w-dXqImKYV_k6TKBvUiAnSyzhh3q/view?usp=drivesdk,video | preentation
"how to find correct quizlet classes|preentation,video",How to find correct Quizlet classes.mp4,1OJvZbB-BilK44Whv4AQoBvjFhwJgMtDx,2,1OJvZbB-BilK44Whv4AQoBvjFhwJgMtDx | 1OJvZbB-BilK44Whv4AQoBvjFhwJgMtDx,How to find correct Quizlet classes.mp4 | How to find correct Quizlet classes.mp4Video,https://drive.google.com/file/d/1OJvZbB-BilK44Whv4AQoBvjFhwJgMtDx/view?usp=drivesdk | https://drive.google.com/file/d/1OJvZbB-BilK44Whv4AQoBvjFhwJgMtDx/view?usp=drivesdk,video | preentation
"finding doing and returning your homework at classroom|pdf,preentation","Finding, doing and returning your homework at Classroom..pdf",1p7PylCeImPod7prfV7C03Lo1DL52q4Cm,2,1p7PylCeImPod7prfV7C03Lo1DL52q4Cm | 1p7PylCeImPod7prfV7C03Lo1DL52q4Cm,"Finding, doing and returning your homework at Classroom..pdf | Finding, doing and returning your homework at Classroom..pdfPDF",https://drive.google.com/file/d/1p7PylCeImPod7prfV7C03Lo1DL52q4Cm/view?usp=drivesdk | https://drive.google.com/file/d/1p7PylCeImPod7prfV7C03Lo1DL52q4Cm/view?usp=drivesdk,pdf | preentation
